PLEKHG2	-0.92
PLEKHG3	0.565
CERS4	-0.29
PLEKHG1	1.155
HSPBAP1	1.42
	-1.92
PLEKHG5	0.095
NSA2	-0.14
ZNF846	0.57
NAMPT	-0.16
ERI3	0.465
BPIFB3	0.87
BPIFB2	-1.54
CERS5	-0.11
	0.37
MAN2A1	-1.725
	0.95
	-0.33
KIAA0355	-0.66
	0.4
UBE2D1	0.87
SHANK3	1.565
SHANK2	0.885
	-1.19
	0.46
CAMKK2	0.53
MIER1	0.21
MIER2	0.725
MIER3	0.38
SYT4	-1.18
SYT5	-1.79
SYT7	1.4
	-0.33
	-1.93
CNPPD1	0.295
C17orf58	-1.44
	0.12
	1.42
INVS	0.36
RABIF	0.19
	-0.835
	0.195
BAIAP3	-0.97
	1.76
	0.165
DAG1	-0.52
	1.13
MYADM	-0.355
	1.205
	0.91
NAF1	1.3
CEBPB	1.06
CEBPA	-0.79
CEBPG	-2.42
CEBPE	-0.5
CEBPD	1.495
	0.35
	-2.46
	-0.235
SDF2L1	-0.535
SLC25A11	-1.01
	1.155
ACSS2	2.71
CEBPZ	-1.065
POLR2J	-1.3
	-0.75
	0.13
ZNF710	-1.085
HFE2	1.265
	-1.11
ZNF175	-0.4
MLLT4	-1.19
EDRF1	-0.005
MLLT6	0.595
BPIFB4	-1.08
MLLT1	-0.805
MLLT3	-0.465
	1.54
	-0.225
	-1.85
	-0.34
	1.27
	-0.745
	-1.46
	-1.86
PRAMEF8	0.585
	0.57
	-0.25
	1.59
CRTC1	0.56
NOSIP	0.31
SNRPD3	-1.085
BTG2	-0.035
BTG1	-0.18
	0.995
	3.305
RGS11	-0.9
ZSWIM4	-2.43
ZSWIM5	-2.36
PIF1	0.77
RTN4IP1	-0.88
AIG1	-1.44
NUPL1	0.715
NUPL2	-1.93
ZSWIM3	0.215
NDRG1	-0.765
NDRG2	-0.46
NDRG3	-0.02
ZSWIM8	-0.65
NPAT	-0.27
TTC30A	0.08
	-2.95
	1.415
HM13	0.74
	-1.11
GGA1	-0.43
GGA3	1.265
GGA2	0.56
	-0.665
ZSCAN10	-1.39
SORBS1	-0.115
ADAMDEC1	-3.585
SORBS3	0.135
SORBS2	0.37
	1.02
LAX1	0.865
PIK3C3	0.52
TSHZ2	-0.225
TSHZ3	-1.56
TSHZ1	-0.655
	-1.92
	1.57
XIAP	-0.35
	1.25
	0.305
SYT1	-0.17
PITPNM1	-0.115
PGK1	0.15
MPLKIP	1.16
	-2.68
ITM2C	-2.155
LRIF1	-1.39
	-1.28
	0.63
	2.29
ARHGEF28	-2.02
CMA1	2.15
FAM151A	0.14
RUNX1T1	-1.44
FAM104A	2.08
ZBTB44	-0.25
HSF5	-2.44
KIAA0368	0.22
TRNT1	-1.49
	0.93
ITM2B	-0.695
ARHGEF26	-1.07
KCNC4	-1.82
PORCN	0.32
MOCS3	-0.36
KCNC1	-1.24
KCNC3	-0.615
RALGPS2	-0.01
	0.81
	-0.44
RALGPS1	2.07
B3GNTL1	0.37
MKL1	-0.7
MKL2	0.075
TEX2	-0.03
RDX	-0.395
	1.44
	0.91
LTA4H	-0.465
LMNA	0.02
ITM2A	0.335
	1.41
LPAR1	-1.86
	0.74
OR2F2	7.13
SORCS1	0.28
SORCS2	-0.925
SUPT16H	0.15
	-1.675
	0.785
CMAS	1.42
UBFD1	0.075
FKBP15	-0.48
ACADM	0.165
MCL1	-0.345
PTTG1	-0.025
	-0.32
	-0.385
	-0.6
	-1.18
UFD1L	-0.62
PREPL	-1.85
	0.74
	0.13
	0.255
GRIA1	0.735
SUPT6H	-1.19
SASS6	1.425
	1.32
L1CAM	0.04
SLC27A4	0.38
SLC27A6	0.87
SLC27A1	1.495
	-0.38
SLC27A3	2.08
IMP3	-1.285
HMGXB3	-1.47
HMGXB4	0.03
LRRK1	0.24
LRRK2	0.88
THEM6	0.345
CDHR1	-1.99
CDHR2	-2.08
CDHR3	-0.37
CDHR4	-0.7
CDHR5	-0.37
	-0.79
DBN1	-1.1
	0.61
DAZ2	-0.43
TRIM39	-1.28
TRIM38	-0.53
TCOF1	0.325
	-0.285
USH2A	-0.385
TRIM33	-0.68
TRIM32	1.1
	0.85
TRIM36	2.11
TRIM35	-0.795
FOXO3	-0.75
FOXO1	-0.77
DLAT	-0.755
FOXO6	2.65
FOXO4	0.605
	-1.43
	0.93
	0.955
THAP11	-1.055
	-0.415
BTAF1	1.27
WSB1	0.215
	1.14
DBNL	0.275
	-0.21
CDK20	-0.43
KRT72	-0.43
SUPT3H	-2.27
FAM114A1	1.3
	1.18
	1.49
FAM114A2	-0.09
	-0.5
ALDOA	-0.16
ALDOC	0.775
ALDOB	-0.18
	-0.885
CASQ2	-0.845
IL4R	0.72
VPS11	0.47
SLC24A1	-0.53
	2.82
	0.88
NSFL1C	0.0
TMEM80	-0.89
LMAN1L	-0.1
	-1.12
STX16	0.215
USP8	-0.61
SEL1L3	-0.01
	1.385
	2.405
USP1	1.42
USP2	0.42
USP3	-0.77
USP4	-0.465
USP5	-0.085
USP7	-0.275
CARD9	-1.22
RP9	1.255
MAG	-1.4
SAMSN1	-0.04
NR1D2	0.27
	-1.03
CARD6	-1.615
	0.93
FARS2	-1.06
	-1.54
RPL38	-0.005
RPL39	-0.53
	-1.385
RPL37	-0.205
	-0.015
RPL35	0.63
	-0.79
RPL31	1.185
MAF	-2.23
FAM13B	-0.275
BCAS2	-0.195
BCAS3	-1.35
BCAS1	-0.6
	0.065
	-0.015
	2.1
	1.72
	3.77
	-0.82
TPP1	-1.855
TPP2	0.105
RAD50	-2.025
	1.48
	-0.745
SFMBT1	1.36
	-0.43
ZZEF1	-0.3
	0.595
HIST1H2BD	-1.79
BRF2	1.03
	0.44
	0.49
SETX	-0.52
FUCA1	0.13
SGPP1	-0.59
	-1.745
MLYCD	-0.595
HIST1H4B	-0.845
	1.915
C1orf109	-1.87
FARSB	-0.91
FARSA	-0.105
UAP1L1	0.68
METTL1	0.24
TTBK2	0.605
TTBK1	-0.32
NCOR2	-0.77
NCOR1	0.505
	-0.38
	0.06
METTL3	-2.14
NKIRAS2	-0.91
	0.2
MAGOHB	-0.335
ABHD17B	0.13
	-0.385
PPME1	0.0
RBMXL2	0.775
PCOLCE	0.58
FLNA	-0.895
FLNB	-0.46
FLNC	0.425
GLTPD2	0.16
	-1.85
CEP164	0.865
TOLLIP	0.445
	0.6
ANKRD55	1.25
FGR	-1.56
	1.275
	0.4
	-0.27
	0.03
	-0.58
	0.415
	0.63
FGA	-1.19
YTHDC1	0.715
CNNM1	0.0
TGM1	-1.68
	1.285
CNNM2	1.48
	0.83
	-1.31
TGM6	-1.24
TINF2	0.43
	2.79
MITF	0.01
	1.43
	1.42
EGF	-1.82
	0.09
	-1.14
CHAD	0.34
	-0.3
	-1.94
	-1.23
	0.19
SLC12A5	-0.59
	0.805
	1.93
	0.51
	-0.525
	-0.38
ZNF518B	1.51
	0.88
FOXF2	0.84
RALY	-0.625
	1.26
PBDC1	1.26
	-0.53
	-1.53
PTPRZ1	-2.76
	0.07
POLD1	0.03
POLD2	0.49
POLD3	-0.475
POLD4	1.22
	0.815
DUT	-0.145
RALB	-0.14
RALA	0.56
RBM8A	-2.075
HDAC1	-1.075
	-0.435
SH3YL1	-1.24
	0.685
HDAC5	-1.37
HDAC4	-0.24
HDAC7	-0.91
	0.57
HDAC9	-0.485
FOXR1	1.51
CEL	1.79
	0.82
	-0.33
GSTCD	-0.055
GZF1	-0.005
AGL	-0.59
	0.27
	-0.79
	-1.14
	-0.37
GMPR	-1.24
GMPS	0.3
C3orf80	1.585
	2.25
	1.43
	0.755
FLI1	-0.465
C20orf194	-0.125
CYP26B1	1.41
UPF3B	0.025
UPF3A	0.645
STRN	1.06
	0.18
	0.185
	1.42
CORO1B	-0.505
	1.41
	-1.27
CLCN3	0.82
CLCN2	1.94
	-0.88
	2.14
CLCN7	0.42
LIX1L	0.845
CLCN5	-0.01
	-1.03
RER1	-0.185
CCDC47	-0.82
IKZF5	-0.03
IKZF4	0.125
IKZF1	-0.71
IKZF3	-0.855
IKZF2	-0.255
H2AFV	1.65
MAGEE1	-1.405
	-1.07
MBTD1	0.68
H2AFX	0.655
H2AFY	-0.885
H2AFZ	-0.14
	1.475
SGSH	1.23
IGSF9B	0.12
SON	-0.545
H2AFJ	-0.045
QSER1	1.455
SORT1	-1.84
	0.54
CNN3	-0.175
CNN2	-0.84
HADHB	0.315
	1.16
PLA2G4A	-1.49
	1.51
	0.51
	1.15
	1.3
MGMT	0.74
CORO1A	-1.175
CIZ1	0.845
	0.09
	1.8
MED20	-0.42
SLC12A2	-3.69
IKBIP	-1.115
SKP1	-0.515
	0.53
	1.48
	-0.09
	-1.24
	0.455
OGFR	-0.02
	-0.515
MUC13	0.03
ANGEL2	-0.775
ANGEL1	0.35
SNRPD2	0.38
DNLZ	-0.78
	3.8
	-0.755
	0.2
PDE8A	-0.4
PHC1	-0.11
	0.46
PHC3	-1.435
PHC2	-3.3
SEC16A	-0.21
SEC16B	-2.8
MED22	0.13
	0.03
CCDC91	0.9
ZWINT	-0.705
	1.48
	0.595
GOLT1A	-0.43
BIVM	1.43
	-0.4
GTF2H4	0.51
CSNK2A2	-0.205
CSNK2A1	1.08
DEGS1	0.27
	0.76
	0.09
	0.38
ZSWIM6	-0.825
IER3IP1	1.32
	-0.01
	-0.96
RNF8	1.07
RNF6	1.17
RNF7	0.465
RNF4	-0.84
RNF5	0.87
RNF2	0.21
CHMP6	-1.94
NET1	-0.07
ZSWIM1	0.36
RECQL5	0.345
	1.43
GCNT7	0.2
	0.46
MZB1	0.15
	4.11
GCNT2	-0.42
	0.265
NAIF1	1.455
ALPK1	-0.31
MARK4	0.77
ALS2CR12	-0.425
	1.51
MARK1	0.75
MARK2	-0.705
MARK3	-0.295
MED27	0.7
	0.66
SLC12A9	-3.11
STRIP1	-0.6
STRIP2	-1.85
CLCNKA	-1.07
NMD3	0.065
	-0.21
	0.435
EXTL1	-1.07
FCF1	-0.575
EXTL3	0.9
	0.435
	-1.18
TIA1	0.325
TMEM160	-0.075
TMEM163	-2.45
	-1.19
TMEM165	-0.69
	-0.43
TMEM168	-1.03
	0.415
CHI3L1	2.05
TBC1D8	-0.455
TBC1D9	-1.09
C12orf10	0.71
	-1.93
	-1.46
TBC1D1	-0.605
TBC1D2	0.27
TBC1D4	-1.585
TBC1D5	0.43
ANKRD11	-0.15
	1.725
	0.09
	0.87
	1.41
	2.215
ITGAX	-2.18
	-1.62
HNRNPDL	0.55
SDCCAG8	0.02
SLC4A4	0.36
RYR1	-0.735
	-0.845
RYR3	0.375
RYR2	0.095
SLC4A7	-2.05
ITGAV	-2.28
XPNPEP1	-0.47
SAE1	-0.06
	0.905
ITGAL	-0.725
ITGAM	-0.02
SLC4A1	-1.125
	0.355
ITGAD	-4.07
	0.065
	0.77
ATE1	0.45
GTF2E1	0.6
EIF4E3	-0.64
EIF4E2	0.66
AKIRIN2	0.9
AKIRIN1	1.23
RGS14	-1.305
AP3M1	0.45
AP3M2	1.36
	-0.175
	-1.59
	-0.885
EEF1A1	-0.665
	-1.79
CUL5	-0.58
	-1.68
LIMD2	-0.89
LIMD1	-0.57
	3.1
ARID5B	0.36
	0.51
HNF1B	0.595
	-1.14
NOP58	-0.44
	-0.4
KLHL42	0.875
ITGA1	1.24
ACSF2	-2.32
ACSF3	0.5
ITGA4	-1.055
ITGA5	0.7
	-1.045
ITGA7	0.165
ZNF865	-0.75
HMP19	-1.325
SARNP	-1.065
UNC119	-2.64
FLII	-0.64
KCNIP4	-2.18
	0.09
ZNF91	-0.04
C14orf119	-0.38
TPCN1	0.9
TPCN2	0.535
	0.965
	-0.33
	0.57
	-0.53
	-2.19
	-0.43
	0.91
	0.12
	1.0
CDC20B	1.23
	-1.14
LTBP4	1.13
LTBP3	-1.28
LTBP2	-0.96
LTBP1	0.27
	-1.625
	0.63
GLTP	0.26
MRPS33	0.78
PID1	-2.42
STK10	-1.325
M6PR	-0.625
NEUROD2	0.22
RBPJL	-0.8
	-1.44
	0.41
ZNF12	0.365
SULF2	-0.63
	-0.43
CHADL	-0.2
	0.12
	-0.4
EBF4	1.365
EBF1	1.16
LAMA4	0.38
	0.425
R3HCC1L	-0.535
LAMA5	1.02
	-2.11
	0.75
	-0.6
	-0.5
EPS8L2	1.23
CBFB	-1.295
SECISBP2	0.075
	-1.52
NDUFS3	-0.17
CACNA1H	-0.785
CACNA1I	0.14
	1.0
	-1.07
CTDSPL2	-0.715
	1.19
CACNA1A	0.505
CACNA1B	0.775
CACNA1C	0.86
CACNA1D	-0.04
CACNA1E	-0.72
CACNA1F	1.28
CACNA1G	-0.875
RASAL1	0.195
IMPAD1	0.38
CMC1	0.84
	-0.43
CACNA1S	2.315
RASAL3	-0.165
ARHGEF40	0.705
	0.37
KCNE4	-1.14
	-0.74
DOPEY2	-0.42
DOPEY1	0.53
SHROOM3	-0.875
	1.455
	0.4
	-1.28
XRN1	0.85
	-1.99
SHROOM4	-0.33
ARHGAP4	-0.35
	-0.43
PDE11A	-2.41
ARHGAP1	-0.805
	0.83
MEPE	3.02
	-0.68
AP5Z1	0.59
	-2.17
	0.48
	1.225
NUBPL	-2.01
	1.595
DQX1	-0.66
DYNLRB1	-0.335
RPUSD4	0.93
WDPCP	-1.94
COL11A1	-2.45
COL11A2	0.035
	-0.075
	-1.99
	-0.23
	2.565
	-0.21
GNAI2	0.05
	0.59
TIPARP	-1.1
DYNC1LI1	0.355
DYNC1LI2	-1.995
NEU3	0.02
	-1.39
	0.87
	0.47
	0.42
	0.375
	-2.18
	-0.535
UTP3	-1.275
MTCH2	0.12
MTCH1	0.36
GNAI3	-1.285
	-1.39
ANKRD27	-1.655
ANKRD26	0.095
	1.57
ANKRD24	0.98
ANKRD23	-0.39
TIAL1	-0.66
CNOT3	-0.26
CNOT2	0.24
CNOT1	-0.61
DMTN	1.37
CNOT6	1.16
ANKRD29	-0.33
CNOT4	-2.32
SARS2	-0.44
NLRP12	0.16
PTDSS1	-0.4
OSCAR	1.02
	-0.43
UVRAG	-0.205
	1.46
CLDN5	0.11
TTC3	-0.02
	-0.37
RNF103	1.34
FOXI1	0.44
MFAP3	-0.385
NFIC	2.72
NFIA	-0.25
LGR6	-2.67
NCAN	0.235
TTF2	0.62
	0.605
CXCR3	3.45
CXCR2	1.12
CXCR6	2.55
TTYH2	0.32
TTYH3	0.88
GRASP	1.6
TMUB1	-1.79
HLTF	-0.535
NFIX	0.13
TNFRSF13B	2.79
TNFRSF13C	-0.975
	0.665
ZNF292	0.355
IGSF8	-2.49
IGSF9	-0.88
IGSF6	0.02
TMUB2	3.43
	0.28
IGSF3	0.89
CSNK1D	-0.055
CSNK1E	-1.13
KLHDC1	-0.53
ALDH16A1	-0.28
C7orf26	0.4
DLC1	-0.595
	-1.07
ADAM12	0.24
	0.5
C2orf42	0.43
	2.37
TRMT112	-0.595
REM1	-0.5
SYNRG	0.575
PKIG	-0.63
U2SURP	0.935
RPL14	0.985
RPL15	-1.255
RPL17	-0.45
RPL10	-0.005
RPL11	-1.14
RPL12	-0.615
RPL13	0.0
	-0.1
RPL18	0.035
RPL19	-0.24
RRM1	-0.4
OGFOD1	-1.36
ANGPT1	-1.24
ARHGEF25	-0.3
	1.93
P2RX7	-0.78
HYAL2	-0.29
LNPEP	-0.685
MRPS14	1.02
	-0.92
	0.91
	-0.03
GSS	1.12
GSR	-1.245
	0.015
	-1.44
	2.13
CLTB	-0.53
SLCO2A1	-1.11
	-1.28
	-1.08
IZUMO4	-0.035
	-0.56
	-0.33
	-0.83
	-1.24
GSN	0.48
CD300A	-1.94
KLF15	0.43
PALM3	-0.32
WNT3	-1.85
HK3	-1.36
HK1	-0.95
WNT6	-0.5
SYNGAP1	-0.69
MOB3C	-0.895
MOB3A	-0.86
	0.44
	1.26
SOD2	1.25
SOD3	-0.31
GRHL2	0.52
SOD1	-1.475
GBP4	0.98
GBP2	1.935
INPP4A	-0.965
GBP7	-0.035
	2.19
GBP5	0.665
	4.44
FEV	1.98
	-1.31
DAP3	1.24
LSG1	-1.8
	-1.82
FES	0.38
CUL9	-1.5
PMS1	0.43
PMS2	2.05
HHATL	-1.22
TMPRSS9	0.465
COL6A2	-0.01
	-1.07
GNAS	-0.305
CSTF2T	0.875
PKN1	-0.805
INSR	-2.32
	0.53
	1.175
	0.475
	-0.83
UQCRC2	0.55
NAGLU	0.125
	1.51
TMED10	0.54
DMXL2	0.61
BCL2L14	-1.11
	1.72
BCL2L11	-0.18
BCL2L13	0.91
BCL2L12	0.38
FAM49B	1.035
	0.765
	0.44
	1.86
MYH1	-0.325
NFATC2IP	0.87
EED	0.41
	-0.43
	1.29
TPRN	0.34
	-0.71
	1.65
	1.565
C7orf50	1.49
GRIN3A	0.44
GRIN3B	0.235
	-0.765
	0.06
AMIGO2	-1.85
	1.475
	0.0
	-1.14
ACVRL1	0.29
NAPA	3.47
	0.13
CLYBL	0.74
ID2	1.375
ID3	-0.64
PGM1	0.42
PGM3	-1.23
C6orf62	2.49
PDCD6IP	-0.74
CHAF1A	2.26
MAMSTR	1.41
CHAF1B	1.295
	-1.86
	0.925
	0.83
RMND5A	-0.67
RMND5B	1.25
	-1.43
PROCR	-0.45
RRNAD1	-0.02
	-0.755
CGN	0.24
TPD52	0.155
WWC2	0.425
CACNB1	1.16
	-1.18
	-3.02
NEURL2	-0.64
CHTF18	-0.715
QPCTL	2.3
	0.49
OBSCN	0.825
	-0.7
ITPRIP	-2.145
KDM6B	-1.355
FZD9	1.37
CAMK1	0.99
TRUB1	0.655
CAMK4	-0.89
	-0.02
ZNF503	-0.11
	0.57
PPP1R1B	0.87
ZNF507	-1.345
	0.89
AMMECR1	-1.87
	0.355
	0.57
	-1.56
IDE	-1.505
ARPP21	-1.07
	0.44
	-1.07
	-2.01
	0.35
SEZ6L2	-0.11
FTMT	-1.07
PXK	0.025
WDFY4	-0.76
PXN	-0.91
WDFY3	-2.215
EIF5A	-1.185
	0.44
POT1	0.18
	0.95
MTMR14	-1.205
ANKRD37	0.03
LYL1	-0.005
FAM149B1	1.145
FAM149A	-0.205
HS1BP3	0.1
MED30	1.925
MED31	0.12
	0.61
	0.545
	-0.11
	-0.67
SPRYD3	1.98
SPRYD4	-0.4
NF2	0.15
NF1	0.42
	-0.78
	1.565
	0.54
SCN3A	-0.37
	-1.52
	-1.31
	1.42
CUL2	1.86
ISOC2	1.18
	0.385
FRAS1	0.91
	1.305
	1.43
	0.45
	-0.405
	-0.405
ANKRD31	1.64
UTP15	0.245
BNIP3L	-0.81
HIST1H3C	2.58
	-0.43
HIST1H3G	2.86
ANGPT2	-0.38
CCNYL1	-1.24
SYCE1L	-2.01
	-0.125
	-1.11
	-1.24
	0.515
	-0.675
PTPRU	-1.54
PTPRT	-0.07
PTPRS	-0.38
PTPRR	-0.33
PTPRQ	-1.93
	0.7
	0.83
TAZ	-0.815
	-0.88
PTPRF	-0.26
PTPRE	0.625
	0.35
PTPRC	-0.07
PTPRB	0.26
PTPRA	0.43
	-0.63
AACS	-0.045
PTPRN	-1.31
PTPRM	-2.05
PTPRK	-1.02
PTPRJ	-1.98
RASA2	2.395
PTPRH	1.29
PPHLN1	0.16
GPR183	0.51
TESPA1	-1.1
HELLS	1.495
	-1.62
VPS8	-1.24
	-1.09
	-0.2
CBL	-0.96
IMMP1L	-0.4
KIF16B	0.125
FAM173A	-0.575
C2CD4D	-3.495
SIX4	-1.88
	-0.96
DHODH	-0.54
SIX2	-1.885
	0.185
HLA-DRB5	-0.315
	0.36
NPHP4	0.395
	-0.815
EVPL	-0.765
	0.56
FSD2	0.245
FAM172A	-0.01
FYB	-0.85
MAP3K8	1.77
MAP3K9	-1.11
LRRC18	0.44
MR1	-0.82
MAP3K2	-0.425
	-1.07
	0.07
MAP3K1	-1.21
MAP3K6	-0.9
	-1.27
MAP3K4	-0.935
MAP3K5	-0.28
ABCA6	0.76
LTB	-0.35
BASP1	-0.565
FIZ1	-2.175
LTF	1.4
ABCA1	-0.91
LTK	-0.02
	-0.01
FAM32A	-1.95
	-0.965
	1.605
ABCA9	-0.595
	0.395
ZBTB2	-0.01
	-0.4
HHEX	0.25
ZBTB6	0.175
ZBTB5	0.865
USHBP1	-0.38
	-0.095
ZBTB9	-0.695
	0.34
	0.43
RFX1	0.15
RFX2	-0.715
RFX3	-0.49
	0.65
APOPT1	2.76
TMEM109	-0.45
TMEM108	0.77
	0.54
TMEM101	-3.09
MYD88	0.385
BORA	0.635
TMEM104	0.53
	1.38
ASPSCR1	1.17
IFT52	0.56
WFIKKN2	2.035
WFIKKN1	-0.37
FYN	-1.325
KMT2A	-0.25
	0.16
NKTR	0.385
	1.63
	0.87
	0.07
PDZRN3	-0.465
ETV3	-0.605
ETV5	1.61
IMP4	-0.99
ETV6	2.01
	-0.42
NKD1	1.46
SH3BP5	-0.19
POP1	1.03
CREB3L1	-0.16
POP7	2.11
SH3BP1	0.605
SH3BP2	-0.07
SERBP1	0.145
PTPN22	-0.72
	-1.22
	-2.39
PRPS1L1	0.13
EIF4G2	-0.005
	0.07
FRA10AC1	-1.06
	-0.91
	-0.935
	1.26
LRMP	0.36
	-2.18
	0.2
C11orf57	-2.11
EHD1	-0.435
MUC20	1.43
GLUL	-1.54
	-1.86
AKAP12	0.465
AKAP13	-0.335
AKAP10	1.59
AKAP11	0.91
SNX25	0.26
	1.19
LRRC7	-0.06
TMC4	-1.62
BSPRY	-0.075
TMC6	-0.62
TMC2	-4.04
TMC3	-0.43
TMEM176B	-0.095
TMC8	-0.76
	1.22
SNAP47	0.54
	-1.05
	0.665
C6orf47	-0.145
ANXA11	-1.095
	0.785
SMYD4	-0.01
EFHD1	-2.17
	-1.22
	-0.18
	-1.18
GNPTG	0.025
COX4I1	-0.705
TCN2	0.025
HERC1	-0.81
HERC3	0.85
HERC2	-0.015
HERC4	-0.065
HERC6	-0.66
MDFIC	-1.13
PROB1	-0.945
	0.05
SOAT2	0.0
ZCCHC11	0.15
	-0.015
ZCCHC17	0.23
	-1.18
ZCCHC14	2.025
ZCCHC18	0.72
KRT24	-0.94
	-0.69
ZFYVE9	1.015
	-2.38
PPP1R18	0.355
	1.715
ZFYVE1	-0.475
	1.195
	-2.63
	-0.16
	-0.03
DNAJA2	1.235
DNAJA3	-0.645
DNAJA1	-1.505
DNAJA4	-0.595
PSMA3	-0.37
IAH1	-0.14
MRPL41	-0.3
	-0.14
	-0.565
WDR27	-1.93
WDR24	-0.11
KIF17	-0.38
PSMA6	0.28
KIF11	1.88
TRNP1	-1.31
	0.51
IGF1	-1.1
APOB	0.155
PSMA4	0.275
SMIM5	1.98
AOX1	1.36
TRIM37	0.97
	-0.07
	-1.28
	0.085
	-2.39
	-1.02
RECQL	0.025
	3.36
	0.7
C12orf45	-0.535
VAT1L	0.375
	1.03
	0.395
LACTB2	0.69
	-0.19
	1.315
AGBL1	1.11
CCSER2	-2.21
	0.77
KCNG2	-1.87
CCSER1	-0.645
BCL7B	0.25
STARD8	-0.69
STARD9	0.25
BCL7A	1.55
SRP14	0.205
STARD3	0.335
SRP19	2.11
STARD7	-0.485
STARD4	2.33
STARD5	-1.955
ANTXR1	0.93
	-0.56
CCM2	-0.17
ANTXR2	-1.79
	-0.59
UBQLNL	0.87
SNAP29	-0.505
	-2.39
	-0.19
TRMT2A	-0.45
	-1.575
	0.64
	0.35
CDK5RAP2	-0.185
CDK5RAP3	-0.575
PBX4	0.535
CDK5RAP1	1.27
PBX2	-0.24
PBX3	-0.66
PBX1	1.415
	-0.835
DOCK8	-0.43
DOCK9	0.135
	2.02
DOCK2	-0.28
DOCK3	1.005
DOCK1	0.325
DOCK6	-1.695
DOCK7	-2.54
DOCK4	-1.905
DOCK5	0.465
	0.27
	-0.05
LPCAT2	-0.38
LPCAT3	0.0
	0.2
LPCAT1	-0.23
	0.1
TOR1A	-0.61
	0.1
	1.8
TFR2	0.76
ASB13	0.975
	1.685
DLD	-0.365
	-0.53
	-0.45
	1.16
SYBU	-1.39
	0.97
	-0.54
	-0.01
ZBTB48	-0.85
	-0.845
	-0.88
ALCAM	2.12
	0.395
RNF25	1.82
	-0.34
RNF26	0.03
RNF20	0.145
HSD17B12	0.33
ZNF317	-1.87
HSD17B10	-0.79
HSD17B11	0.11
FOXK2	1.55
FOXK1	-1.32
DYNC2H1	0.175
	-0.67
ZNF318	1.765
ZNF319	0.49
	-0.495
ACOT11	-1.08
PRR14L	0.355
SLC35A5	-0.24
RNF128	-0.38
RNF126	-0.55
	1.65
RNF123	-0.93
RNF122	-1.5
RNF121	1.3
IL2RA	1.285
IL2RB	-0.085
MARVELD3	-1.22
	0.3
IL2RG	-0.38
	-1.2
MST1R	0.955
	-1.465
	1.26
TBC1D30	-1.5
TBC1D31	0.18
TBC1D32	0.44
TFRC	0.655
TNFRSF11A	0.755
WNT16	1.41
PIK3C2A	1.855
	-0.8
	-1.29
	0.93
KCTD2	-0.35
	-0.075
	0.805
	-0.53
DHX58	-0.605
	-0.225
ZNF275	-1.35
DHX57	-0.77
ZNF277	2.82
ZNF276	-0.965
	1.88
POLR3GL	1.55
	0.49
GNB1L	0.83
	1.235
	-1.39
	-2.09
NUP214	-1.18
MINOS1	0.115
ARHGAP12	0.935
NUP210	-1.655
PIP4K2C	1.045
PIP4K2B	-0.38
ZDHHC15	-2.17
NUPR1	-1.1
SYNPO	0.545
	1.16
NTNG2	0.91
MSMP	-1.52
	0.23
	1.695
COMT	-1.525
SLC23A1	0.93
SLC23A2	-0.3
	0.81
SETBP1	-0.815
PIK3C2G	1.41
BBX	-0.625
	0.225
	-1.19
	-0.21
	-2.28
	-1.425
	-0.285
	-1.06
SLC35A1	0.38
DUSP19	-2.08
	-3.82
DUSP16	1.11
	-0.22
DUSP10	1.38
	0.45
	1.215
MYH10	-0.01
MYH11	-0.435
SGPL1	-1.195
MYH13	0.525
MYH14	0.285
MYH15	0.47
RAPH1	1.295
	1.36
	0.985
	1.735
	0.115
TM2D2	-0.43
PITX3	0.68
	-1.28
C17orf80	0.92
NUFIP2	0.38
GHDC	-2.41
NUFIP1	0.675
	0.03
GPS1	0.365
GPS2	-0.185
	0.68
CHD7	-0.335
PFKFB3	1.27
PFKFB2	-0.55
DNAJB12	-1.245
	0.585
	-0.43
CAMTA2	0.665
	0.81
	-1.96
	-2.32
MOB1A	0.27
MOB1B	0.745
SLC20A2	-0.79
SLC20A1	-0.995
ALB	0.02
FSTL4	1.46
FOSL2	-0.415
ELF1	0.69
TFCP2L1	-1.14
FSTL1	0.31
	-0.18
MBOAT1	0.81
SCNM1	0.75
TM9SF1	0.23
TM9SF3	-1.62
TM9SF2	-2.12
CADM4	0.47
CADM3	-1.07
SRCIN1	-0.765
CADM1	-2.44
	0.38
	0.68
	-1.19
	-0.4
	-0.6
	0.85
CRYBG3	0.615
	0.985
	-1.165
	-1.56
	1.605
	0.45
	-1.055
	2.38
ATAD3A	0.87
CDC42EP3	1.49
CDC42EP2	0.665
PLK3	-2.17
PLK2	-1.92
PLK5	1.81
PLK4	0.61
CDC42EP4	1.05
AKT1S1	-1.09
	1.43
	0.44
SPTBN5	0.295
SPTBN4	0.48
	1.22
SPTBN2	0.04
SPTBN1	-0.58
DCK	0.2
	-1.07
	0.505
NEMF	-0.355
	-1.05
	1.49
	0.65
	0.125
NEU1	-0.745
RRAS	0.43
P4HA1	1.02
RPE	0.45
	-1.62
CABLES1	1.44
	-2.63
SH2D1B	-0.43
	0.1
	-0.03
PDLIM4	-0.42
PDLIM5	-0.195
	-0.385
PDLIM7	1.74
PDLIM1	0.015
PDLIM2	-1.565
	0.32
	-1.19
	-0.395
	0.475
	0.135
	-0.92
PPFIBP1	-0.72
	-2.975
C16orf96	0.005
	-0.8
GPAA1	1.33
	-1.53
	0.225
FOPNL	-0.62
	-0.91
SKI	-1.38
	-2.1
OCRL	-0.22
	0.165
PCSK9	0.04
RMDN2	-1.82
RMDN3	0.525
PNRC2	0.56
SLX4IP	-1.43
MMGT1	-1.18
CARD11	-0.385
CARD10	0.845
	-1.99
	1.32
CARD14	0.68
SPTLC2	-0.875
	0.25
SPTLC1	-0.65
FAM192A	-2.66
TARDBP	0.255
	1.72
	0.49
TNFRSF25	0.73
WDR41	-0.08
C14orf159	0.06
WDR43	-0.185
KIAA1324L	1.285
WDR44	-0.345
LMOD1	-0.225
RBM19	-0.16
CDK2AP2	-0.61
ADI1	0.01
PCSK1N	-2.66
	-0.6
	0.05
PDK1	-0.305
PDK3	-0.8
PDK2	-2.35
ZNF521	-0.195
TRIML1	-0.43
DSG2	-1.0
RPRD2	1.23
	0.35
	0.59
	1.515
	0.485
GRPEL1	0.045
GRPEL2	0.1
	0.855
POM121L2	-0.26
C5orf22	-0.995
	-0.51
IL12RB1	1.55
CYC1	-0.445
IL1RAP	-0.18
MEIS3	0.375
	-0.9
	-0.88
	0.28
PRKRIR	-1.46
	-0.315
ANKRD33B	0.81
SCN5A	-0.18
RAB11FIP3	0.84
CES1	-0.45
	-0.5
	-0.735
AAMDC	-3.48
	0.87
DNAJC17	-1.745
	-0.57
CALR3	-0.33
	-1.94
PTGR2	0.12
GOLGA1	-1.0
GOLGA2	-0.235
GOLGA3	0.45
GOLGA4	-0.02
GOLGA5	0.21
GOLGA7	-0.36
	-0.15
ABCC10	-0.265
CKLF	-0.21
	0.03
LMNB2	-0.19
NME4	-1.19
LMNB1	0.095
	-2.19
	0.83
MRPL43	0.63
NOTCH1	-0.375
	1.08
RING1	0.17
	-0.385
VPS53	0.56
BMS1	-0.01
	-1.16
	-0.44
CISD2	0.91
	2.4
AAAS	-0.77
	-0.13
COPB1	-0.535
	0.08
TBK1	0.715
	1.225
RBFA	0.4
	-1.94
SWT1	0.67
MED10	1.1
MED11	2.6
MED12	-0.49
MED13	0.86
MED14	-0.155
	-0.35
MED16	-0.26
MED17	-0.81
MED18	-0.72
MED19	0.23
	-0.43
VPS54	-0.31
	0.51
SUGP2	-0.65
SRFBP1	-0.94
MAMDC4	-1.845
	0.705
PHKG2	1.25
BOP1	-0.1
ECE1	-0.78
VPS13D	-0.375
VPS13A	0.0
	1.29
SOGA1	-1.6
VPS13B	-0.395
	0.47
GJA1	0.11
MRPL40	-0.34
ALPK2	0.63
GJA4	-1.54
C2CD2L	-1.03
	-1.93
CTTNBP2	-0.8
	0.61
KIF18A	-0.03
	-1.96
KIF18B	1.51
CXorf56	0.03
SGMS2	1.01
SGMS1	-0.55
CLTC	-1.22
	0.205
	0.13
USP30	-1.2
TWF1	0.3
	-2.84
TCEA3	0.2
	-1.18
LRRC32	0.635
LRRC36	0.225
	-1.56
	-0.52
	1.43
	1.24
ABCC8	2.04
	-0.18
	0.83
ABCC4	-0.495
ABCC5	-0.29
ABCC6	0.12
	1.29
ABCC1	0.195
ABCC2	-2.17
ABCC3	-4.63
TMEM127	0.42
	-0.905
TRANK1	0.06
TMEM123	1.39
DESI1	-0.17
WIPI2	-0.51
	0.985
TMEM129	0.82
	-1.785
	-0.13
	0.91
	-0.495
CYP21A2	-1.92
KDR	0.925
NUDCD2	-0.11
NUDCD3	0.695
NUDCD1	0.94
	0.57
AIRE	-0.665
	0.99
	-0.45
	1.125
	0.05
PREB	-0.56
IGFBP2	0.44
IGFBP3	0.53
IGFBP6	-0.44
IGFBP7	0.16
IGFBP4	1.365
IGFBP5	0.58
PKHD1	0.36
RNASEK	1.825
PREP	0.81
	0.94
ZNF76	-1.54
	0.16
POFUT2	-1.17
RAB10	0.155
SLA2	2.49
SLC25A20	1.54
	0.7
	0.035
MTHFR	-0.285
	2.295
	0.52
	-1.99
MTHFS	0.88
TNKS1BP1	-0.905
POFUT1	0.815
	-1.65
MEMO1	0.36
	-1.31
RNASE1	0.91
BRIX1	2.43
	0.54
C4orf19	1.345
RNASE6	-0.81
PLEKHH3	0.385
AP4M1	0.35
IL27RA	-1.195
C1D	0.49
SNW1	-0.715
	0.5
NOP16	-1.47
ATG9A	0.555
ATG9B	1.45
EFCAB12	2.16
	-0.04
EXT1	0.18
BLNK	-0.065
	-0.125
OCIAD1	-0.56
	-0.57
CCDC88A	-1.13
CCDC88B	-0.335
SQRDL	-0.42
SFMBT2	-1.345
AHRR	0.54
PLEKHM1	-1.56
PLEKHM2	-0.435
	1.3
CACFD1	0.74
EYA3	0.25
CDC45	0.11
	0.83
BNIP3	-0.36
NT5DC2	-0.03
NT5DC3	-1.84
NT5DC1	0.72
CLGN	-2.2
SMC6	0.415
SMC2	0.525
TMA7	0.84
	-1.19
	-0.105
	0.405
PSAP	-2.075
SMC4	0.105
MON2	-1.965
MB21D1	-0.75
MB21D2	0.85
LRRCC1	0.98
TRIP6	0.85
TRIP4	1.32
SLC33A1	-1.44
INO80C	-1.0
MAP2K3	1.51
BRF1	-0.63
	1.48
	-0.56
C16orf62	-0.37
UBQLN1	-0.51
MLH3	-0.11
UBQLN4	0.195
LTN1	0.235
GTF2A1	-1.87
GTF2A2	-1.2
	1.19
ISG20	1.155
FAM64A	-0.33
	-1.18
	0.54
	0.92
	-1.4
NLRP6	1.96
	-0.515
NLRP3	-2.48
ELAVL3	-1.11
	-1.78
MAP2K4	0.385
	1.42
	0.51
	0.05
MDH2	-0.165
MDH1	-0.755
	1.36
	0.45
	-1.31
DIS3L	1.78
	0.13
	1.69
PACSIN2	-0.42
	-0.01
DNAJC8	0.035
DNAJC9	0.36
DNAJC4	-1.44
DNAJC5	-0.905
DNAJC6	0.85
DNAJC7	-1.15
KCNK12	1.43
KCNK13	-2.71
DNAJC2	1.505
DNAJC3	0.24
	0.345
GPN3	-0.43
GPN2	-1.025
GPN1	0.5
TIMM8A	0.32
	1.225
MYC	-0.31
MYB	0.56
FAM53A	0.14
ALOXE3	-0.37
	-0.765
	-1.25
ROGDI	-0.02
	1.405
	0.93
	-0.21
	-0.03
	0.41
PXDN	-0.56
	0.505
DAAM1	0.98
DAAM2	-0.9
RNASEH1	0.9
MOCOS	2.765
	1.51
JMJD1C	-1.17
PCIF1	-1.68
	-1.19
SRP72	0.18
	-0.22
DUS1L	-0.355
GRIK3	0.08
NTMT1	2.96
BAIAP2L2	0.09
	-0.05
CD177	2.86
	-0.5
GTF2B	-0.51
	-0.315
CST3	-1.06
PLP1	-1.07
GTF2I	0.4
NBAS	-0.28
ZYX	-0.29
LUC7L2	0.715
JAKMIP3	-0.75
JAKMIP2	-0.01
JAKMIP1	-1.395
CCDC90B	0.75
	-2.01
	0.91
	0.17
ABCD4	2.48
	-0.095
NBEA	-1.545
C8orf59	1.1
	-1.65
	-0.1
PLCD3	-0.37
PLCD1	1.91
	-0.97
	0.91
	1.015
	-1.24
	1.25
	1.49
NFU1	-1.05
	2.57
SEC13	0.01
CASR	-2.9
SLC37A4	0.55
	-0.395
KRR1	0.605
EREG	2.78
ANKRD63	-2.18
GTF2F1	-0.89
XDH	1.47
ZNF330	0.775
GPR135	0.91
JMY	-1.27
ZNF334	-0.38
ZNF335	-0.625
	-1.945
FOXE1	0.94
	-1.0
RNF149	0.095
STBD1	-1.07
SUZ12	1.51
GMIP	-1.015
	-2.27
RNF145	-0.72
RNF146	-2.65
OR10J5	-1.52
	-0.405
	0.37
HLA-DMA	1.14
	0.02
HIBADH	0.6
PTCHD4	0.175
ZNF251	-0.735
TFPI	0.57
TBC1D12	-0.355
TBC1D13	-0.31
TBC1D16	-1.725
TBC1D17	-0.335
TBC1D14	0.255
TBC1D15	0.34
FAM102B	1.42
	0.465
FAM102A	1.99
DLG5	0.355
DLG4	0.0
SUPT7L	2.9
LTV1	0.95
	1.51
	0.03
UBTD1	2.05
	2.825
	-0.38
	-0.38
	0.23
ODF3	0.55
ODF2	-0.25
FASTKD5	-2.2
FASTKD2	0.45
FASTKD3	0.84
CDX1	0.51
	-2.08
CDX2	2.385
MYOCD	0.4
	0.89
RCN3	-0.22
MMAB	1.31
DRAXIN	0.47
	0.76
STAB1	0.89
	0.03
STAB2	-2.095
	-1.08
	0.64
GBA	-0.295
PSPC1	-0.74
	-1.505
SLC45A3	-2.8
	1.275
TRMT10B	1.01
ARHGAP33	-0.87
IGDCC3	-1.31
IGDCC4	0.855
	0.9
ZRANB1	2.8
ZRANB3	-0.78
	-0.38
	-1.14
CAPN11	-3.29
CAPN10	-0.91
EFR3A	-1.03
CRNKL1	0.32
PRKAB1	1.72
EFR3B	-1.56
FNBP1	-0.49
TXK	-0.18
POSTN	1.16
ZFPM2	-1.52
ZFPM1	0.155
PROX1	2.215
CSMD2	1.7
POU4F1	0.78
CSMD1	1.695
LAD1	1.42
SWI5	1.56
SMUG1	-1.17
	-1.39
RBBP8	4.31
SPEF2	-0.4
	1.46
CIAPIN1	1.54
RBBP6	1.27
RBBP5	0.225
RBBP4	-1.64
	0.8
	0.09
HSD3B7	2.58
CEP104	0.27
	2.24
	-1.94
PIK3AP1	-1.025
	0.77
	0.955
	0.4
TOB2	-0.22
	0.23
	-1.11
MRPL4	-0.62
NEO1	2.4
	-2.02
MRPL3	1.17
MRPL1	-3.01
FFAR2	0.44
	-0.01
MAD2L1BP	1.6
	0.285
	0.55
NOA1	0.17
LMTK3	1.165
LMTK2	-0.135
	0.27
MMAA	1.185
TRRAP	-0.83
LEFTY1	-0.43
SAV1	0.935
	0.77
M1AP	-1.94
CYB5D1	0.16
FGG	-0.33
NOTUM	-0.185
IL10RB	-1.155
	-0.1
RABAC1	-0.25
	-2.63
	3.135
MSRB3	3.64
	1.5
	0.44
	1.02
C1orf112	-0.04
EVI5	2.07
	1.43
HIVEP3	0.28
ZNF385A	0.76
CHKA	-1.205
CHKB	-0.185
KPNA1	0.13
	0.94
TSFM	-0.65
	-0.31
	0.615
GP1BA	1.43
CNNM3	0.33
DSP	0.55
SMO	1.7
DIEXF	1.815
	0.695
	-0.33
	1.63
CHCHD10	0.175
DSE	-0.475
	-0.145
	0.23
CNNM4	0.195
DCAF10	-0.17
PDHA1	-1.95
	0.98
	0.13
OXA1L	-1.425
SKAP1	-0.07
PRDM8	3.94
	1.385
KIAA0100	0.6
FAM179B	0.1
	1.37
EFHB	-1.39
	0.06
DYNLL1	0.0
HIRA	0.675
DYNLL2	2.36
KCNAB1	-0.6
	0.45
CCDC39	-0.115
WWOX	0.065
RHEBL1	-1.31
KCNAB2	-0.045
	-0.48
INTS3	-0.33
INTS2	0.71
INTS1	-0.855
	1.66
INTS7	-1.165
INTS6	-2.51
INTS5	1.39
INTS4	-0.67
INTS9	-0.405
INTS8	0.03
ADAT1	-0.76
CAP1	-0.94
ADAT3	0.51
ADAT2	-1.19
	0.14
NANOS1	1.26
	0.37
	-0.675
FGFR1OP	-0.29
PAPD7	0.395
PAPD4	0.68
PAPD5	1.425
ATP2B1	-0.18
ATP2B3	0.695
ATP2B2	-1.46
RNF187	-1.23
	1.48
	1.43
	-1.395
DHDH	1.68
MTSS1L	-1.79
AUH	-0.03
	-0.105
	-1.07
	-3.26
	0.47
	0.285
	0.345
CCDC34	1.29
	0.97
	-0.675
	-1.485
	-2.16
	-0.17
	-2.87
	2.34
	0.51
	0.57
HIF1A	-0.735
	1.13
	-0.14
TERF2IP	-1.66
TROVE2	0.13
	-0.53
	0.6
NRF1	-0.09
GINS2	-0.31
GINS3	-0.6
	-1.18
GTF3C5	0.32
GINS4	1.365
	1.41
APEX2	-0.84
IL18R1	0.785
	-0.18
GGT1	-0.8
GGT7	0.03
FBF1	-0.42
	-1.54
DCAF5	-0.005
CCDC64	-0.56
	0.55
	0.22
	-1.24
ASNA1	-0.145
	-0.545
	1.365
	0.84
	0.025
	1.51
CCDC68	1.32
COQ3	1.52
MAP6	0.72
ZC3H12D	-0.235
DACT1	-0.49
DACT3	1.14
EBAG9	0.535
GALK1	1.08
GALK2	1.48
AMBRA1	-0.94
PPIH	0.03
	-1.24
	0.115
	1.37
GREB1L	-0.66
RBMX2	-0.48
PPIF	0.99
	-2.19
ADPRH	0.015
	-0.285
	-0.75
PPIE	1.4
ADPRM	0.495
MRPS9	-0.175
	-0.81
MRPS7	1.3
MRPS6	0.43
MRPS5	0.255
	-1.56
GJC2	-0.44
MRPS2	3.16
C1QA	-2.74
	0.2
KCNJ8	-0.33
PPIA	-0.465
DTYMK	-0.345
AASDH	0.13
MGARP	0.37
	-1.53
LRWD1	0.32
TRAF1	-1.005
TULP2	-1.99
TULP1	-0.75
UBE2R2	0.14
TULP4	-0.76
LPP	0.7
EEFSEC	-0.515
SLC12A4	0.92
SLC12A7	-0.88
LPL	-1.64
JAGN1	0.0
SLC12A3	0.5
	-0.01
CWC27	0.25
ABCE1	0.355
FEM1B	-0.21
KIAA0319	0.36
FEM1A	-0.68
	-0.495
DHX38	-1.385
	0.585
POU2AF1	1.155
MYLK2	-1.14
CRY1	1.02
CRY2	-2.38
	0.5
	0.72
DCAF8	0.275
VCPIP1	-0.6
ATP6V1C1	3.17
	2.6
NUS1	-1.07
PCGF1	-1.31
PCGF3	0.08
	1.68
	-0.45
LGMN	-1.58
PCGF6	2.15
CCNDBP1	-0.355
	1.59
SPATA21	-0.88
	0.17
TIMM13	1.885
GOSR2	0.4
	-0.84
	-2.745
NANP	-0.63
NANS	0.16
	-1.54
	-1.03
ARRB2	-0.875
NUP153	0.695
BEND4	1.285
BEND5	0.13
BEND3	-0.38
SFI1	-0.545
	-0.535
	1.455
ENDOV	-0.84
	-0.035
DARS2	1.035
LRRC56	0.13
	-0.75
	-1.86
LRRC58	-1.53
LRRC59	0.055
HCCS	-0.49
	0.57
	0.91
SLC11A2	0.32
GRB7	1.11
	1.165
SLC11A1	-2.95
	1.06
	-1.22
	0.05
UMODL1	-1.92
SPATA2L	1.93
ZC3H12A	0.245
	1.79
PRC1	-0.01
GDI1	0.55
HSD17B4	-1.155
THOC1	0.94
	1.13
HSD17B7	1.32
	0.93
COL8A2	-0.37
	-0.69
	-0.845
POLQ	2.365
	-1.28
HLA-DQB1	-0.865
	2.18
	-0.51
	0.585
	0.58
POLE	0.425
POLB	-0.64
TMEM245	0.915
PLEKHO2	0.005
	-1.18
POLM	-0.35
POLL	-0.36
POLK	0.39
POLI	1.4
POLH	-0.635
KNSTRN	0.55
UBL5	1.495
	-0.48
FAM129C	-1.53
RTN4	0.12
KCNQ2	0.07
	0.83
RTN1	1.32
IFNB1	-1.07
	0.14
FCHO1	-1.19
TIMM10	1.535
	0.395
	-0.83
KCNQ1	-0.33
PA2G4	-0.885
	-1.18
	-0.66
C2CD5	-0.37
AQP1	0.65
	-1.01
PRR12	-0.275
PRPF8	-0.195
	0.36
PRR11	-1.21
AEBP1	1.5
AURKA	-0.64
AURKB	1.2
AEBP2	-0.55
PRPF3	-0.885
PRR19	1.74
PRPF4	1.87
PRPF6	-0.9
SHC4	0.835
	0.34
SHC1	-0.465
SHC2	0.57
TALDO1	-0.24
	-0.53
	1.16
HDAC3	0.255
EIF2S3	1.89
MED12L	-0.73
KXD1	1.11
	-1.79
	0.265
PKP3	-0.59
	0.84
TGM2	-1.475
RLIM	-0.45
	1.275
	0.515
	-0.11
CRB1	-1.24
	0.29
	-1.28
ITCH	0.095
	2.56
	-0.57
HDAC6	1.45
ZG16	2.205
MICAL1	0.26
MICAL2	1.5
MICAL3	-0.685
	-0.66
	-1.84
	-1.85
WDR62	-0.625
WDR63	-1.92
WDR60	1.19
WDR61	1.8
WDR66	1.955
PET100	0.945
CNTNAP3	0.91
VPS72	1.25
ABHD16A	-0.025
	-1.015
C19orf44	-0.135
	-0.9
GNL2	-0.085
ACOX3	-0.15
ACOX1	1.27
ERGIC2	0.87
ERGIC3	-0.525
SLC16A3	1.07
ERGIC1	0.67
DERL1	-0.32
DERL2	-0.335
DERL3	-2.73
PNMAL2	-0.81
ALDH9A1	0.515
FRY	-0.57
FUCA2	-2.64
ZNF280D	-0.285
CLIC6	1.66
FAM122A	-0.56
SDHAF2	1.035
	0.93
	0.98
	1.36
CLIC1	-0.175
	0.59
GABARAP	-0.965
	0.13
	-0.13
	1.41
	-0.685
PSMC3	-0.845
	0.68
ZSCAN25	0.7
ZSCAN26	-1.48
BTBD16	0.2
ZNF569	0.2
BTBD10	-0.08
ZSCAN22	-1.18
LMF2	0.095
LMF1	1.72
	-0.25
	-2.2
SVEP1	-0.27
ANKRD35	0.385
ACOXL	-1.11
DUS3L	-0.63
	-0.33
TSSC4	3.06
	0.815
	0.44
	-0.1
TSSC1	1.52
BLM	2.44
ZFYVE19	-1.47
ZNF687	0.14
ZNF688	-0.2
ZNF689	0.77
	0.795
TMCO3	2.12
TMCO4	0.075
TMCO6	-0.31
	-0.355
ZMAT1	-0.66
HRASLS5	-0.315
ZMAT3	1.38
ZMAT2	1.12
ZMAT5	-0.005
SCEL	-1.14
UBE2V1	-1.5
	-0.53
TMEM43	-1.08
ANKRD44	-0.255
ANKRD46	-0.945
	0.685
ANKRD40	-0.25
EPAS1	1.81
VAMP3	0.37
MEF2C	0.6
MEF2A	2.07
KRT7	0.37
BTBD8	-1.81
MEF2D	0.575
CYB561D1	-0.91
CYB561D2	1.62
KRT8	-2.58
BTBD1	0.115
BTBD3	-1.89
ZSCAN2	1.64
CLUH	0.565
RNF167	-0.3
RNF166	0.72
RNF169	-0.635
RNF168	-1.21
KIAA0825	0.935
RABGAP1L	-0.605
N4BP2L1	-0.03
EAF1	-1.84
EAF2	-0.81
N4BP2L2	-0.26
AMER1	1.52
	-0.42
	1.29
	2.6
HOXD12	1.81
DNPEP	0.35
	0.995
DDX39B	0.305
CPSF6	0.075
ERC1	0.295
	-0.775
RFXANK	0.455
	-2.27
CHMP2B	0.09
	-2.27
CHMP2A	-0.63
DHX16	-0.445
ACAA1	-1.37
ZNF236	0.045
ARFIP1	-1.3
NAPSA	1.23
	-2.7
MTHFD2	-2.67
MTHFD1	0.38
	0.46
PRSS2	1.11
	1.85
	0.16
	1.335
KATNAL1	0.57
	0.735
	-0.01
	-2.16
DBF4	0.48
	0.02
	-0.73
STIP1	-0.23
GPCPD1	0.6
	-0.56
	0.65
ALG8	-0.065
ALG9	2.23
HAL	-2.19
ALG2	0.56
ALG1	-0.67
ALG6	-1.86
NTN1	-1.31
ALG5	0.55
STRC	-0.77
PRIM1	-0.09
PRIM2	0.185
	2.27
ADRBK2	1.97
RECK	-3.025
NACC1	0.46
PFN1	-0.685
	0.91
HIF1AN	0.245
	-1.85
	0.95
	-1.275
IRF2BPL	-0.98
	0.09
HOXC12	-1.19
SLC30A9	0.205
OSGEP	1.14
ACSL3	-2.39
RABL6	-0.625
	-0.53
SLC30A7	-0.505
SLC30A6	-0.45
SLC30A1	-0.51
	-1.25
DNAJC11	0.4
MSI2	0.78
MSI1	0.36
	-2.08
	0.85
BRPF3	-0.775
BRPF1	-1.24
SLC16A11	-1.39
SLC16A10	-0.885
SLC16A13	0.0
CRLS1	-0.575
NDUFB3	-0.27
LYST	1.11
URB1	-0.24
PCNA	-1.095
ERBB3	0.12
CNST	-0.445
	0.315
HELQ	-0.29
SPAST	-0.705
ARL10	-0.91
	1.27
HELZ	0.08
IRF2BP2	-0.23
PCNP	-0.72
REC8	0.635
IRF2BP1	-0.845
	0.54
	-0.52
HELB	0.335
PCNX	0.81
TMEM71	1.25
CLCN1	-1.19
	-0.38
	-0.22
LSM8	0.025
FOS	0.47
LSM4	0.36
EEF1G	0.44
LSM6	2.0
LSM7	-0.88
CLCN6	-1.75
	0.565
ZMYND15	0.76
GUK1	-1.31
	0.66
ZMYND11	-0.755
	-0.78
ZNF526	-0.115
	0.495
MON1A	0.85
MON1B	1.215
	0.08
TPX2	0.925
	-0.295
	-0.42
	1.33
	0.355
	0.94
XRCC4	-1.915
PPP1R26	-0.88
	-1.47
PPP1R21	-1.115
	1.615
PHKB	0.38
	1.51
ZCRB1	-0.075
	3.06
	0.46
	0.38
	-0.47
	0.21
	0.05
	1.93
HIST2H2BF	0.935
	-0.665
	-1.78
HIST1H2BJ	-0.03
TRAF3IP3	-0.45
TRAF3IP2	-0.63
	0.405
	-0.06
	-0.11
VPRBP	-0.52
SAC3D1	0.445
DPH6	-1.43
	1.685
	-0.62
LRBA	-0.155
FREM1	-1.9
	-0.53
PNLIP	0.035
DRC1	0.415
WASF3	-1.44
FAM196B	1.13
FAM196A	-1.11
	-1.05
	-0.095
DNAJC28	-2.58
DNAJC27	1.32
TBRG4	-1.67
DNAJC25	-0.2
DNAJC24	1.99
	0.14
DNAJC21	1.9
APOBEC3B	-0.235
	-1.285
	-0.68
	0.305
MTMR9	-0.67
	2.225
MTMR7	1.37
MTMR6	-0.16
MTMR4	0.49
MTMR3	0.57
MTMR2	0.715
MTMR1	-1.835
	1.235
	1.42
	-2.025
	-0.71
CARS	3.3
MAN1A1	-0.66
	1.12
	0.67
CHURC1	-1.52
IL1R2	1.36
C19orf70	0.29
	0.15
VCP	-0.575
APBA1	1.765
HELZ2	-0.3
	1.94
IVNS1ABP	0.13
	-4.2
TRAF7	0.46
	0.85
	0.89
GPR55	0.655
LIPE	0.23
MYRF	-1.395
	0.93
ABCB1	0.41
OTOP2	0.49
SCARF2	1.045
SCARF1	1.02
CA2	0.63
CA3	-2.55
ACSS1	-0.005
CA1	1.24
CA7	-0.43
COLQ	-1.21
CYBB	-0.485
CRTC3	-0.635
CYBA	0.495
	1.195
	0.57
	0.465
	-0.65
HINT1	5.17
HINT2	-0.17
	-0.75
	0.87
	1.715
	0.085
	-0.64
HSF4	-2.01
	0.585
	-1.07
	-0.84
	1.96
	0.87
	-1.28
C18orf25	0.47
	0.1
GZMA	2.525
CTNND2	-0.11
CTNND1	-3.01
DRAP1	-0.965
	-0.05
ALS2CL	-0.09
CPB1	0.3
TTK	-0.09
FGFR1OP2	1.26
	0.16
TMEM81	-0.45
	-1.44
	1.48
PPIP5K2	-0.23
PPIP5K1	0.37
TFEB	-0.69
ZNF646	0.01
TTN	0.095
C19orf25	-0.79
	1.37
	-1.24
	0.32
DNTT	0.61
LYPD1	-2.18
	1.51
SCO1	0.36
DDIT4	-1.835
AAMP	-1.07
HYPK	-0.005
NXN	-0.57
	-0.17
BANP	-0.095
	-0.43
DPY19L1	-0.97
DPY19L3	1.36
DPY19L4	-0.69
	1.22
	-0.895
	-0.29
	-0.9
CCDC43	0.515
	2.11
CCDC40	1.06
	0.655
PGGT1B	-0.45
	0.765
ACTL6A	-0.75
TMEM8B	0.51
MBP	-0.9
	1.955
PDE8B	-1.52
	1.43
TOP2A	1.355
HADHA	-0.43
REPS1	-1.59
	0.33
	1.47
PSEN2	-0.46
PSEN1	-0.95
CAMLG	0.745
	0.34
	0.635
	-4.55
	-0.53
MYLIP	-0.89
GPATCH2L	-0.465
	1.8
	0.145
	0.17
WHAMM	-1.16
	0.19
NRBP1	-0.235
	1.3
	1.51
	0.02
TMEM259	0.305
TMEM258	1.0
TMEM256	2.55
TMEM251	1.47
	0.85
REXO1	0.455
RXFP1	0.4
REXO2	1.11
REXO4	-0.815
NUMB	-0.685
	-1.49
	1.085
	-1.44
STOM	-0.86
ABCG1	-0.18
ABCG2	-0.855
	-2.35
ABCG4	-1.92
	0.9
	-0.6
	-1.01
SOX30	-0.43
MARS2	-1.19
AP5M1	0.45
KDM4C	0.36
KDM4B	-0.395
KDM4A	-0.73
RPUSD1	0.03
RPUSD2	-0.82
RPUSD3	1.075
	0.23
	-0.285
	-0.29
	0.085
	0.23
FAM178B	0.03
FAM178A	0.19
OTUD6B	0.61
CUL4A	-0.515
	-0.43
	0.625
	-0.01
	0.83
	-0.4
LMAN2L	2.1
SCN9A	2.04
SIMC1	0.575
KHK	0.14
LMAN1	0.75
LMAN2	-0.34
	-0.605
	-2.19
	-1.19
	-1.515
ARFIP2	0.02
NECAP1	-2.48
GNAQ	1.94
	-1.24
NECAP2	-0.35
	-1.39
PODXL2	0.84
HDGFRP2	-0.26
GNAZ	1.44
NAPG	0.15
ATP1A4	-1.18
ATP1A3	1.23
ATP1A2	-1.05
ATP1A1	-1.42
GNAL	-2.86
PLXNA4	1.07
OS9	0.095
AGRN	-0.43
VMAC	1.56
	-1.79
PON3	2.12
PON2	1.36
	-0.62
NSMCE1	1.19
NSMCE2	1.45
	-0.635
	-0.665
	-0.175
IPCEF1	-0.34
UTP18	-0.79
	0.57
	0.015
	-2.39
	-0.9
	2.18
	-2.74
	1.285
HYOU1	-0.44
PSMA2	0.37
PLOD3	-0.84
PLOD1	-2.46
	0.19
	0.13
	-0.115
SCO2	0.13
DKKL1	0.74
	0.76
GABBR1	-0.63
GABBR2	1.555
	0.48
	0.37
	-0.13
UGP2	-0.905
CPPED1	1.63
	-0.14
	-2.35
LEMD3	-0.685
	0.93
	0.035
ITIH5	1.055
ZNF341	2.1
	0.4
SMYD5	-0.65
	0.145
SMYD2	-1.005
SMYD3	-0.5
SMAD7	-0.315
DOCK10	-0.415
DOCK11	0.1
NAALADL1	-0.01
ENTPD7	-0.755
ENTPD6	0.39
ENTPD5	1.12
TRIT1	-0.01
ENTPD2	0.635
ENTPD1	-3.47
LEMD2	0.925
	0.14
AVPR2	2.38
RTL1	-2.66
	-0.36
FAM60A	0.76
SH3BP5L	-0.845
ENTPD8	-0.155
ZBTB40	-1.205
ZBTB41	-0.305
ZBTB43	1.06
	-0.5
ZBTB45	-0.115
	1.19
	-2.45
ZBTB49	1.76
MAP1LC3B	0.745
PHLDA1	0.855
MOB4	1.19
GAPVD1	-0.115
	0.23
PRDX6	0.135
PRDX5	0.715
PRDX4	-0.425
PRDX3	0.28
PRDX2	0.13
PRDX1	-0.005
AGXT2	-1.24
	-0.25
ASTN2	3.345
ASTN1	-2.23
	-0.155
MGAT5B	-1.5
	1.39
KRIT1	1.345
PANX1	2.05
PANX2	-1.14
PITX1	-1.58
	0.715
	0.17
DPF2	-0.99
	-0.49
DPF1	-0.4
PHYHD1	0.0
PQBP1	-2.04
P4HA2	-1.07
P4HA3	-1.07
TMEM247	0.02
CCDC92	0.58
	0.115
MOBP	-0.53
CCDC93	-0.46
	-1.75
	-0.01
	1.97
	0.77
WDR45	-1.33
WDR46	-0.895
WDR47	1.11
WDR48	-1.1
SERGEF	-0.17
	0.875
SMAD3	1.18
	-0.535
NARFL	1.515
USE1	0.075
	-0.51
VPS52	-1.025
VPS51	0.005
	-1.31
	-1.07
EGLN3	1.76
EGLN2	0.115
EGLN1	-0.52
LNX2	-0.89
	1.21
SLC41A3	0.75
ABHD14B	-0.185
APEH	-0.165
RPF1	0.205
TARSL2	-0.33
PSMB5	-0.035
FAM120B	-0.155
FAM120C	-0.24
CENPQ	0.57
FAM120A	1.06
MASTL	0.09
PSMB2	0.75
	-0.325
	-3.31
	0.43
BABAM1	-0.335
	-0.88
	-0.33
	0.91
C19orf47	0.57
	1.16
NAGPA	-1.505
NUTM1	0.46
	0.74
SF3B1	0.16
PARK7	-0.29
	0.45
GRIK4	0.105
GRIK5	-0.035
MPHOSPH9	0.37
	0.705
NXPE2	1.71
NXPE3	0.345
NXPE4	-0.39
	-3.73
LIN37	0.9
SF3B2	-0.1
STX5	0.28
	-0.11
	-0.53
	-1.07
	0.93
ANAPC11	1.43
MPHOSPH8	0.86
RET	-1.31
PDE10A	0.265
MAST1	-0.82
MAST2	-1.46
MAST3	-0.495
MAST4	-0.585
GBE1	-0.86
LHX9	0.76
LRRC14	0.07
	1.23
	-0.88
PEG3	0.95
	-1.25
PSIP1	0.475
CAND2	-0.795
CAND1	-0.455
CLNK	0.03
RNF44	0.07
RNF43	-0.265
	-1.27
RNF41	-0.53
RNF40	-0.695
FOXA1	-0.01
KPNA6	0.605
KPNA4	0.05
KPNA3	1.26
KPNA2	-0.61
	0.365
S100A4	1.215
	-0.35
	0.32
FDFT1	-0.3
	-1.66
	1.51
	0.855
SCLY	-0.48
	1.07
USP48	-0.195
	1.07
USP45	-1.765
S100A1	0.91
USP47	1.26
CNOT10	-1.2
RNF181	1.16
USP40	-0.69
USP43	3.615
USP42	0.8
SKA3	-1.9
TMEM41B	0.65
COQ9	-0.62
COQ5	-1.795
PGAM2	1.63
COQ7	-1.125
OGDHL	0.44
ILF3	-0.725
ILF2	0.095
	-2.01
	0.85
	0.11
SCP2	0.125
	-0.03
	-0.345
ZNF219	-0.53
SUPT5H	-0.56
	-0.33
GNGT2	0.4
	1.17
RNF215	-0.105
ZNF213	-0.375
ZNF212	1.97
DHX32	-2.8
GOSR1	0.31
ZNF217	-0.085
DHX35	2.85
DHX36	0.295
DHX37	0.505
COPS8	-0.95
	0.91
	1.14
COPS3	2.04
COPS6	-0.425
COPS4	-0.4
COPS5	1.8
LRRC10	2.72
	1.735
	0.225
HSPB1	-2.68
FBXL15	0.66
	1.58
DHCR24	-2.66
CCNB3	-1.93
CCNB2	0.88
CCNB1	2.54
ZNF280B	1.22
	-0.38
CYP2C18	-1.39
	-0.05
	0.195
	-2.45
	0.865
BLK	0.53
DSCAM	-1.035
	2.86
HCK	-2.03
	2.86
CCDC13	-0.105
COBLL1	-0.365
BRCA1	1.1
BRCA2	0.505
ALAD	1.01
FCAMR	-0.745
LAMA3	0.84
TMEFF1	-0.53
	0.36
ACAP1	-0.605
ACAP2	-1.795
ACAP3	-0.04
BAZ1A	0.905
KCNK4	-0.38
	-0.835
BAZ1B	-0.18
EP400	-0.275
ZNF469	-1.15
URB2	0.17
SERPINH1	1.05
MRPS24	1.89
UBASH3A	-1.21
UBASH3B	-0.65
NHLRC1	2.1
MRPS22	1.13
	-1.07
NOTCH4	-0.27
	-0.33
	0.135
	0.07
STOX1	1.43
STOX2	-0.57
	0.87
	1.125
LIPA	-2.47
	-0.08
LIPG	-0.53
	-0.5
	0.465
GM2A	-0.15
RPS6KB1	1.54
RPS6KB2	-0.17
MGST2	-0.63
MGST1	-0.22
ERAS	-0.33
NNAT	1.035
	0.915
STK4	-0.14
	0.49
	-2.06
TNRC6B	-0.115
ZNF22	1.16
CLSPN	0.76
NUP35	-0.56
RNF213	0.31
CCDC125	0.61
	-0.86
HIST1H2AL	3.21
	1.11
CUL4B	-0.105
	-1.14
	-0.49
	0.8
TUBB2A	0.09
	-1.18
TUBB2B	2.72
TJP2	-0.685
TJP3	0.825
NEK4	-0.18
TJP1	0.165
NEK2	0.05
NEK3	-1.44
NEK1	1.57
	0.805
SAMD8	2.01
	0.73
NEK8	0.24
NEK9	-0.19
HPRT1	-0.515
	0.775
IDUA	0.115
	-0.61
TNFSF13	-0.3
TNFSF12	0.03
TNFSF11	0.64
TNFSF10	2.22
	-1.82
CEP170B	1.15
SDHA	-0.86
TNFSF14	-1.17
	1.01
COIL	0.87
SETD1A	0.365
CHMP3	1.29
	-0.23
	0.34
	-0.43
	-1.89
	-1.87
ARHGEF10L	0.215
	0.19
SMURF1	-2.19
GBX1	0.16
SMURF2	1.765
	-0.245
SDAD1	-1.43
SENP7	0.34
SENP6	0.01
SENP5	0.45
STAMBP	0.42
SENP3	0.26
SENP2	0.41
SENP1	1.29
	0.05
	2.14
CHMP5	0.735
B3GNT5	1.17
	0.245
	0.94
IL6R	-1.665
B3GNT2	0.36
RECQL4	0.36
	-2.42
B3GNT8	-1.805
SCLT1	-2.35
NKAP	-0.39
	0.27
RPL10A	-0.29
	-0.21
	0.765
	0.455
RPL10L	-0.465
	1.26
	1.06
	-1.87
	0.74
CCDC136	-0.26
	-0.195
	0.13
PNKP	-0.01
SELENBP1	-0.03
	2.68
	0.16
	2.75
CSF1	3.305
GLB1	-1.95
CSF3	0.625
APPL1	0.95
APPL2	0.375
PNKD	0.61
	0.395
	0.36
SLFN5	-0.03
PQLC3	-0.35
PQLC2	-0.54
PQLC1	-0.24
DCLRE1A	0.535
OSER1	0.515
NDUFS7	-0.965
ADAP1	-1.245
	-1.18
ADAP2	-1.08
MYPN	-0.43
	-1.11
	1.02
GPR35	0.03
SLX4	0.14
	-0.73
STX8	-0.57
KIAA0391	0.06
TRAK2	-1.2
	0.955
	-0.75
PYGB	-0.835
STX7	0.32
STX6	-0.28
PCYOX1	-1.45
	0.52
	1.56
	-1.39
	-0.38
PRAM1	-2.41
NDUFA6	2.79
	-0.62
FZD10	1.155
	0.155
	1.015
	0.13
	0.49
	0.795
	1.99
	-1.52
CTAGE5	-0.52
CTNNB1	0.13
EDC3	1.28
AAK1	0.69
NDRG4	1.41
EDC4	-1.185
C17orf75	-0.01
AVPI1	0.36
	-1.07
	-0.06
	-2.46
	1.43
ASAP1	0.38
ASAP2	0.09
ASAP3	-2.79
KAT8	-0.41
	-0.97
	0.03
	0.73
	0.21
	-0.455
	0.45
KAT5	-0.015
HYLS1	0.385
KAT7	-1.26
	1.45
GP2	-0.37
LY96	-1.34
PPA2	-0.3
	-0.6
LUC7L	-0.755
LRIG1	-1.01
GSG1L	0.59
	-0.45
	0.125
	-0.38
	-0.52
	1.63
ARNT	0.41
	-0.365
	0.16
CORO1C	-0.59
DCLRE1B	-0.1
CCDC22	-0.535
CCDC25	1.33
GRB2	-1.97
DCLRE1C	-0.075
	0.13
	-0.84
	-1.08
	-0.275
VEGFA	1.095
CRTAP	1.79
	1.6
TIMMDC1	0.61
UXS1	1.18
ASXL1	0.27
	1.23
ASXL3	0.08
ASXL2	0.58
SSR2	2.4
FIBP	0.61
	1.58
	0.12
	-0.88
ADO	-0.365
	1.25
GABRD	1.48
	1.75
	-0.88
	-1.54
	1.98
	-0.335
ARF3	0.73
	1.57
ARF1	0.15
	-1.265
ARF5	-0.125
FHAD1	1.025
	0.2
	-1.93
SERPINB7	-1.28
CACNA2D2	0.465
	-0.44
	0.915
	-1.54
CACNA2D4	1.7
TMEM164	0.025
	-1.46
AAGAB	-0.555
RPN2	0.2
	-1.07
	-0.9
	-0.45
	0.4
DGUOK	1.13
MICB	-1.18
TMEM186	-0.135
KDM2A	0.24
PDCD7	0.775
PDCD4	-0.7
KDM2B	-0.625
PDCD2	1.54
PDCD1	-2.87
	0.57
NDUFV2	2.72
NDUFV1	-0.685
	1.94
DNASE1L1	-1.07
	-1.56
	-0.18
	2.27
ATP6V1G1	2.58
	2.16
	-0.315
	-1.56
	2.17
TXNRD2	-0.02
TXNRD1	-0.955
	0.94
	0.61
DNASE2	0.6
NR1D1	-0.29
	-1.18
ACVR1B	0.78
SDHB	-0.105
INO80	-1.495
NARS	-0.105
RABEPK	3.63
	1.3
INPP1	0.6
OXCT1	-0.685
DYNC1H1	-0.34
ESF1	0.435
LONRF3	0.65
NDUFA4L2	-0.02
NARF	0.54
PIK3R6	0.93
EXT2	-1.585
	0.13
	-0.715
	0.09
	-2.01
TTLL1	-0.6
LONRF1	0.37
	0.595
	-0.12
	0.49
TTLL8	2.355
FGGY	-1.24
	-1.1
	0.54
	0.34
TMEM128	1.98
	-0.56
SAR1A	0.46
SAR1B	2.11
WDHD1	1.135
PIK3R5	0.18
	-0.3
	-0.81
GOLM1	-0.78
DAGLA	-1.03
	0.94
	-0.515
TBCEL	0.06
	-0.435
	1.77
DEAF1	0.0
	-0.855
	1.7
CENPN	-0.33
	-3.43
NTHL1	0.87
MANBA	1.765
YAE1D1	-0.69
CDC27	0.66
COMTD1	0.04
CDC23	0.03
CDC20	0.34
CLN5	-2.53
SARDH	-1.54
CLN3	-1.39
FAR2	-2.08
	0.435
MAPRE1	1.58
NOL10	0.505
	0.62
	1.085
SLC16A9	-1.9
TCF4	-0.815
	-0.355
AUP1	0.85
TCF3	0.535
UCKL1	-0.47
SLC16A1	1.97
SIGLEC9	-2.17
	-0.11
SIGLEC10	0.23
	0.51
SLC16A7	-2.46
SLC16A6	0.15
CCDC64B	1.32
BAG1	0.875
TTLL11	-0.64
TTLL12	-1.485
ZBTB22	0.72
STK38	-0.175
ZBTB20	0.15
ZBTB21	0.76
	1.19
UCP2	-0.67
ZBTB24	0.82
ZBTB25	0.175
UCP3	-1.43
GAS7	2.415
SSC5D	1.13
	0.445
OTUD4	-1.34
OTUD3	0.435
OTUD1	0.4
EIF1AD	0.77
SAP30BP	-0.54
MDP1	1.045
	0.4
STK39	-1.53
STRA13	0.4
GPHN	0.56
MDN1	0.27
FAM76B	1.575
FAM76A	0.43
CCDC137	-0.855
CCDC130	0.21
CEP72	0.04
	0.415
PSD4	-0.83
CCDC138	-0.45
	-1.355
GSAP	-0.78
UNC93B1	-1.19
CDON	-0.81
	1.825
SLC1A4	-0.38
SLC1A5	-0.23
SLC1A6	-1.39
SLC1A7	-0.38
SIGLEC1	-1.36
SLC1A2	-1.53
SLC1A3	-2.23
	-0.27
VPS35	-0.925
VPS36	1.56
COL18A1	1.295
	-1.18
	1.425
GEMIN2	-0.01
	-1.54
	0.03
	-3.01
	-0.43
	0.23
TET1	0.025
GPRIN3	0.525
TET3	-0.275
TET2	-0.65
	0.61
SDCCAG3	1.33
PDE4DIP	-0.355
	1.16
MYO1H	-0.18
ANAPC1	0.135
ANAPC2	-0.855
ANAPC5	-0.965
ANAPC4	-1.02
ANAPC7	-0.07
	-0.075
	-1.24
	0.03
RUFY1	-1.74
	0.19
RUFY3	0.63
RUFY2	-0.67
	-1.18
IBTK	-0.45
C1QTNF4	-2.64
C8orf33	0.515
GRIN2A	1.335
	-2.55
	0.09
SPG11	-0.255
	-2.01
EEF2	-0.52
	-0.38
MIIP	0.475
	-0.43
SLC2A8	0.51
	-2.66
	-2.27
	1.06
	-0.885
RARRES2	0.93
SLC2A2	0.805
SLC2A1	-1.145
KIAA1551	-0.825
CCNL2	-0.075
KCTD18	-1.44
	1.225
NUSAP1	1.24
CADPS	1.275
	0.61
	0.745
	-0.38
PLCB2	-0.08
PLCB3	-0.595
PLCB4	-1.16
	0.03
	-0.43
	1.135
	0.77
	0.14
	0.54
NACC2	1.25
GAS8	-1.57
SGSM3	1.95
SGSM2	-0.77
SGSM1	-1.0
	-0.145
SLC15A2	-1.76
SLC15A3	-1.415
KIAA0753	0.61
ACOT2	2.07
ACOT1	-0.265
SLC15A4	-1.34
	0.2
KIAA0196	0.03
FEZ2	-0.25
	1.19
GTF2E2	1.72
DDT	-1.16
	1.94
DDN	1.68
ZNF398	-0.41
	-0.55
DDC	-0.5
ZNF397	-3.15
ZNF395	-0.39
	0.58
	0.51
FOXC1	0.125
	-0.53
MRPL37	-0.06
	-1.99
	-0.49
MRPL32	-1.39
MRPL33	-0.69
MRPL30	-1.54
MSH5	0.57
MRPL38	1.66
MRPL39	0.545
	-1.14
PPIL1	0.1
PPIL2	-0.575
OAS2	-0.105
PPIL4	0.16
KIAA1549L	1.925
	-1.53
	-0.81
RABEP2	-0.035
	1.035
	-0.31
PSMC6	-0.345
CENPB	0.365
NPTXR	-3.02
NUP88	-0.175
CLASP2	-1.14
CLASP1	-0.79
CTBS	1.99
MTM1	0.02
	-0.16
NUP85	0.415
GPR108	-1.125
	0.47
	2.615
	1.59
	0.61
NOVA2	1.275
	-1.22
	-2.01
	-0.21
	-1.96
	-1.86
	-1.36
	0.31
HMGN1	-0.77
	0.95
NFS1	0.21
MAP4	-0.96
	0.555
CDK7	1.29
	0.965
CCND1	-0.525
CCND3	0.45
CCND2	0.495
ELANE	5.015
SPECC1	-1.46
RPS25	0.27
	0.055
C3orf58	-0.76
	1.23
	-0.34
	1.77
	-1.84
	-1.53
	-0.63
CD74	-0.16
	2.29
SRSF3	-1.125
CD72	-0.315
DCXR	-0.42
RPS21	0.32
	-0.865
	0.165
	0.795
	0.16
	2.16
	0.185
NUDT22	1.25
NUDT21	0.395
GEM	0.17
	-1.765
FAM162A	-0.25
	0.1
ITGA9	-2.92
TEX15	0.795
TEX14	-0.5
IQCD	0.51
CETN3	0.385
TEX10	-1.18
	0.77
	-1.18
	0.51
GSTM2	-1.94
RALGDS	-0.73
PEX1	0.215
	-1.765
PEX2	-2.38
PEX5	-0.715
PEX7	-1.93
PEX6	0.665
	0.43
GSDMD	1.115
	1.01
REG1A	0.355
AZI2	-0.21
	0.13
	-0.36
SLC2A6	2.18
	1.12
TGFB1I1	-1.885
CD320	0.4
ITGA2	1.41
HADH	-0.32
NOP56	1.0
CTPS2	2.02
LRSAM1	1.425
	-0.92
CHRAC1	-0.18
	-0.5
	-0.085
	0.13
ARRDC1	0.405
ARRDC2	0.955
ARRDC3	0.87
GNL1	0.23
	-1.14
	-0.395
	-2.35
	-1.19
FJX1	1.32
GNPTAB	0.305
STRA6	0.135
P2RY10	2.57
RBM7	0.6
P2RY13	-1.85
RHBDD2	-2.19
RHBDD3	0.045
	1.045
RHBDD1	2.01
TGFBR3	0.16
TGFBR2	-1.46
TGFBR1	0.9
ACADSB	1.93
SELL	-0.37
	-1.645
	1.875
SLC38A7	0.55
CDC14B	-0.44
RPS7	1.52
RPS6	-1.225
RPS5	-1.025
	-0.81
RPS3	-0.59
RPS2	-0.69
	1.31
ALG11	-1.215
ALG12	-0.26
RPS9	-0.9
	0.235
DRG2	0.22
DRG1	0.18
SDF4	0.095
SDF2	-1.67
REPS2	-0.3
SLC38A2	-0.015
EVC2	-0.055
STRAP	0.0
	-2.55
	-1.24
	-0.37
CAPZB	0.335
NFKBIA	-0.39
	0.415
	0.035
	0.475
	-1.03
SLC38A8	-1.82
	0.025
	-2.1
	1.35
	0.465
	0.15
	1.23
RHBDL1	0.265
	-0.49
	-2.19
	1.495
	2.35
	0.35
ARIH1	-1.43
ARL8B	-1.76
GRB10	1.06
	-2.64
ARL8A	0.73
	0.66
	0.4
HSP90AB1	-1.04
MEGF8	1.815
LDLRAD3	-2.74
C2orf68	-0.82
PDCL	-1.89
ARHGDIB	-0.3
	-0.125
PTH1R	-0.685
GPR15	0.34
GSTO1	-0.075
	0.81
CELA2A	-0.195
ARHGDIA	-0.675
	-0.185
GPR19	-0.31
	1.825
	-0.9
	-1.44
	-1.46
SRGAP2	-1.165
TOR2A	-0.25
NKG7	3.61
	0.5
RAD23B	0.465
SHCBP1	0.35
RAD23A	0.56
SCARB2	-1.47
SCARB1	-1.84
SERHL2	-0.185
KIAA1614	1.35
	-2.38
RHOBTB2	-1.03
APOBR	-0.485
	0.76
SAYSD1	0.9
	0.83
	0.375
	0.88
TBCK	2.32
	0.105
MMRN2	-0.91
TBCE	0.485
TBCD	-0.42
TBCC	-0.37
TBCB	0.56
TBCA	0.01
USP53	-2.01
TRIM9	-1.79
TRIM8	-1.205
	-0.915
	-1.28
	0.655
TMEM44	-0.38
TRIM2	-2.21
TRIM5	0.44
STXBP5L	-0.5
TRIM7	0.53
TMEM42	-0.45
	-0.43
MN1	0.57
	0.9
TMEM38B	1.38
COL5A2	0.465
OSBPL1A	-0.56
TTC17	-0.77
TTC16	0.76
EIF3A	-0.415
TTC13	-0.475
TTC12	-0.39
	1.7
LMBRD2	-2.63
LMBRD1	-0.585
TTC19	-0.615
	1.205
IDH3A	0.575
	-0.47
IDH3B	-0.225
IDH3G	-0.28
	-0.3
	2.05
AKR1C4	0.21
FRMPD2	1.48
	-0.11
SNRPB2	1.22
BAALC	0.43
SIPA1	-1.27
	0.185
	0.405
SSBP3	0.305
C6orf222	0.16
OSBPL10	0.03
OSBPL11	-0.82
CD180	-0.065
	1.88
STAP2	-0.56
	-0.26
GADD45B	0.915
	0.535
MNT	-0.99
STAP1	2.04
GADD45G	2.8
	-0.13
	-2.58
	0.0
	1.45
	-0.33
	0.7
	1.46
	-0.465
	0.485
	1.25
	0.515
	0.025
SLC25A42	0.35
NDOR1	0.165
	0.385
SLC25A45	0.12
SLC25A46	0.545
	0.5
	0.015
ECM2	-1.11
ECM1	1.06
KCNT1	-1.18
	-1.93
	-1.92
TMEM216	-1.39
TMEM214	-0.67
TMEM219	-0.95
	0.35
MCM3AP	1.03
SH3RF2	1.41
SH3RF3	-0.315
	0.355
	0.24
TMEM9B	0.45
	1.685
	0.34
	0.71
	-0.37
	0.005
	0.76
PPM1G	-0.88
PPM1F	-0.46
PPM1E	0.565
PPM1D	0.83
DNAH6	0.75
PPM1B	0.255
PPM1A	0.2
RPL9	0.74
RPL6	-0.07
RPL7	0.265
PPM1M	-0.3
PPM1L	-0.37
PPM1K	-2.43
PPM1J	-2.475
PPM1H	-1.035
	-2.52
PHF21B	0.03
LCOR	-0.205
MECR	0.83
SAP25	-0.42
HS3ST6	0.165
	-0.095
HS3ST4	0.45
ALDH4A1	-0.62
HS3ST1	0.84
DLL1	-0.02
ZHX2	-0.235
ZHX3	1.38
ZHX1	3.55
	0.68
IRF6	-1.09
	0.41
	1.465
CNTN6	1.535
	-0.815
C15orf57	3.1
	-1.52
NAT8L	0.38
	-0.085
PAG1	-0.72
TLE1	-1.61
	-0.265
UTP11L	0.12
ESPL1	0.745
	-0.33
	-0.18
	2.84
	0.11
IRGQ	-0.87
	-1.39
	-0.75
	0.665
ATG3	0.915
IRF4	0.505
	0.795
	0.83
FANCC	0.055
NIF3L1	0.005
	-2.32
NAT9	-1.5
FHOD3	0.89
	1.58
	-0.53
CASS4	1.615
	-0.66
	0.405
	0.93
STXBP1	-1.93
	1.48
CCPG1	0.495
SULF1	0.135
ALDH7A1	0.29
POMT1	2.0
	0.54
POMT2	1.17
	1.06
SDR39U1	-0.14
	-0.505
GRM7	-1.24
	-1.93
CCSAP	0.76
	-1.075
FAT3	1.82
FAT2	0.935
FAT1	0.31
FANCI	0.615
FAT4	0.005
NCOA5	-0.69
SETD3	0.185
SETD2	-1.43
SETD5	0.825
SETD4	-0.73
SETD7	-0.715
SETD6	-1.43
	1.015
WRB	-0.91
	0.675
WRN	1.27
ARF6	-1.6
TSPAN3	1.195
CYTH3	-1.555
TSPAN4	-1.01
LAMC3	1.165
	0.88
TSPAN9	0.93
CSDE1	0.155
	-0.11
	-1.22
	0.94
STXBP2	-1.24
ZFHX4	-0.13
	-1.0
ZFHX3	2.265
ZFHX2	0.505
	-0.5
BCL9	0.0
CPNE5	-1.44
HMHA1	-0.7
HES1	0.135
BCL6	-0.37
	-1.54
	-0.04
BCL3	0.02
BCL2	1.27
	0.1
	1.06
	1.57
CCDC117	-1.93
CCDC114	0.92
CCDC115	-1.115
FAM78A	0.51
	0.235
CSTF3	0.25
CSTF2	0.27
	0.935
	0.38
WDR81	-0.42
WDR82	1.58
KIAA1324	0.93
ARF4	0.345
WDR89	1.55
	-1.87
FDX1	0.725
VPS18	-1.08
R3HDM4	-1.16
VPS16	0.18
	0.44
R3HDM1	2.59
R3HDM2	0.07
	-1.89
NID2	-5.23
NID1	-1.08
SF3A1	-0.23
	-1.41
SF3A3	0.145
PITPNA	0.36
PITPNB	0.48
TGS1	-0.345
SPRTN	-0.25
RPN1	-0.51
C1QL1	0.91
	-1.5
	0.705
TMED4	-0.75
	0.34
C10orf76	0.61
FTO	-1.61
STX1A	0.14
	0.17
RAD54B	-1.65
	-0.615
ERCC2	-0.7
ERCC3	0.02
ERCC4	-1.11
	0.05
ERCC6	1.165
GNG3	-1.24
SCPEP1	-0.08
	-1.28
EXD2	0.07
	0.8
PPP1R16A	1.01
PPP1R16B	-0.925
IFI44	0.61
NLRX1	0.185
	-1.22
GON4L	0.44
	1.72
	1.84
	1.57
	-0.38
NQO2	-1.31
	-1.28
RPAP2	-0.29
RPAP3	1.06
RPAP1	-1.715
ZNF628	2.565
ZNF629	0.945
	-3.085
	0.77
ZNF622	0.7
ZNF623	0.44
CP	1.11
MBTPS1	-0.48
	-4.49
PLCL2	-0.275
PLCL1	0.25
STX11	0.75
SALL4	0.11
	0.135
STX12	0.94
SALL1	-2.34
SALL3	0.92
SALL2	1.23
MRPS26	-0.145
STX18	0.56
GBA2	-1.335
	-1.18
TRIM62	3.415
	-0.3
DBH	0.91
TSTA3	0.75
	0.51
	0.32
PDCD6	2.97
	0.825
WAC	0.84
WTIP	0.48
RAP2B	0.355
RAP2C	0.68
	-0.275
PDXK	0.315
MRPL14	3.97
MRPL15	0.655
MRPL16	2.19
MRPL17	-0.98
MRPL18	1.49
MRPL19	-0.18
CALHM2	0.53
IER2	1.58
IER3	0.13
	-1.94
LBX2	1.43
AAED1	-1.16
DTNB	-0.275
	0.265
PDXP	0.6
ACHE	0.16
GABPA	-1.03
PRRG4	-1.85
NDUFV3	0.55
	0.65
PRPF19	-1.305
PRPF18	0.485
	0.05
	1.41
GSTP1	0.9
	0.34
KIAA0754	1.25
	0.635
	-0.37
LMLN	0.675
HOMER3	0.04
ING1	-0.37
RDM1	1.085
	0.94
EVA1B	-0.37
STAG2	-0.705
HTATSF1	0.65
STAG3	0.34
PLTP	0.81
	1.85
	-1.505
PTPRN2	-0.535
	0.48
DNASE1L3	-0.97
CYFIP1	-1.625
CDCA4	0.36
CLEC12A	-1.16
CYFIP2	0.205
CDCA5	0.83
HGS	-0.11
ABO	-0.615
	1.41
ACAT1	-0.13
ABR	-0.315
ACAT2	1.11
GNB3	-1.05
ZNF131	0.035
KCTD20	1.27
ARAP2	-0.08
	0.605
CLEC6A	-1.47
CMC2	0.84
ARAP1	-0.505
CD55	-0.565
CD8B	-0.68
CLEC4E	2.74
CLEC4D	0.4
AMDHD2	0.2
SMCR8	0.33
GNB2	-0.46
	1.41
HGFAC	0.48
MTO1	0.4
GGN	0.61
GGH	0.37
CELA1	-0.12
MMP14	0.885
MMP15	0.03
CLN8	-2.38
	-0.92
MMP11	-1.25
MMP12	1.51
MMP13	-1.54
TPO	-1.93
TEX30	-0.42
MMP19	-1.18
	0.5
	-0.6
	1.05
RFC2	1.03
TPR	0.135
	-1.31
	-1.57
ARGLU1	0.395
CMTR2	-1.56
CMTR1	0.16
NCAPD3	-0.18
	-0.105
GPSM3	-1.41
	-0.58
GPSM1	0.185
TMEM189	-0.43
PEAK1	-0.015
	0.855
	-1.54
	-0.095
ITGA10	2.0
ITGA11	-1.31
MTOR	-0.315
C9orf72	-1.53
SLC29A1	-2.62
	1.615
SEZ6	0.08
CD5L	-1.435
RRM2	1.45
TRDN	0.67
	1.57
	2.35
JAM3	-0.91
	1.18
CDKN2AIP	-1.08
OMA1	-1.62
UQCC1	0.9
	2.04
UQCC2	1.11
CD5	-2.27
MOB2	1.12
BOD1L1	-0.21
PPARGC1B	-1.035
RHBDF1	-1.03
RHBDF2	0.415
CD7	1.335
COG1	-1.585
	0.02
	0.555
	-0.14
ARHGAP9	-0.52
	-1.24
	-0.4
XRN2	-0.515
	1.455
S100A6	0.705
ARHGAP5	2.45
RFK	-0.42
APCDD1	-1.53
VANGL2	-0.3
	-2.58
ARHGAP6	1.585
ING3	-1.43
LIG1	0.655
CANX	-0.635
IFT80	-0.28
	-0.6
	-0.365
IFT81	-1.24
BHLHE22	2.08
	-0.085
EFS	-0.42
NSUN2	1.05
MAEA	-0.355
	-0.63
	-0.38
FANCG	0.885
SOSTDC1	-1.22
RASSF8	0.42
	-0.34
KALRN	-0.215
SNRK	1.05
DMP1	0.36
	-1.56
	-0.45
	0.87
	-2.12
	0.12
	0.96
	0.54
UBA1	-1.14
	-0.86
PWP1	3.655
	-0.01
	0.745
NAA20	0.92
CREG1	-1.77
NAA25	-0.08
TIMP2	0.34
SPIN1	-1.01
ERCC6L	1.22
WARS	-0.27
RASSF1	-1.595
STK33	-2.375
CLINT1	-0.58
	1.96
GALNT5	1.63
PALD1	-0.785
RASSF3	3.24
GMFG	0.055
STK35	0.535
TTLL5	0.27
	-0.17
STK36	-1.52
TTLL4	1.01
SLTM	-0.03
NRAS	-0.91
	2.15
STRBP	0.975
RASSF4	-0.17
	-0.44
	-0.91
TTLL6	-2.55
	-0.51
DMPK	2.19
	2.33
PDF	1.5
TOR4A	-0.96
	-0.62
	-0.3
	-0.9
	1.67
TTLL3	0.055
	0.01
PNO1	-1.005
	-0.285
CBWD1	0.14
	0.13
	1.36
	1.35
ABHD17A	-0.265
	-2.63
SNRNP35	-2.24
	1.195
LAMP2	0.765
LAMP1	0.11
ABI3	-1.53
MYT1	-0.43
	-0.81
TMEM62	-0.88
SH3BGRL3	-1.625
CD274	0.17
FIGNL2	1.265
TMEM69	-1.18
TMEM68	-0.535
FOXRED2	1.32
FOXRED1	0.56
	-1.31
	1.67
	-0.88
SSB	0.035
GALNT15	1.41
BAG3	-1.83
H1F0	0.955
NRM	-0.04
	-0.25
PIM1	0.58
	0.655
DLEC1	-0.91
TTC32	0.51
TTC37	-1.08
	-1.39
TTC34	-1.345
PLXND1	-0.285
	-0.985
	-1.02
ST6GALNAC2	0.11
FAM126A	0.02
RARA	0.49
RARB	-1.52
RARG	-0.66
	0.185
FBN2	-0.98
FBN1	0.345
RARS	-1.41
	-1.565
	0.43
MLX	-0.37
	0.555
TADA3	-0.49
	2.18
SET	0.745
CCDC102A	1.11
	-0.45
	1.37
	-0.6
PSME4	0.78
H1FX	-0.42
PSME2	0.355
PSME3	1.56
NDUFB11	-0.735
NDUFB10	2.64
	1.51
	-0.47
	-1.24
	-1.26
	-1.31
INO80D	0.82
INO80E	0.245
	-0.91
	-2.45
	1.05
	-1.53
CRAT	1.69
PCDH9	1.02
	-0.43
	1.46
	0.185
PCDH1	0.83
	0.89
	-0.75
FAM43A	0.15
PCDH7	-0.86
DAGLB	-1.55
TMEM238	-0.355
	-0.045
	0.47
	-2.19
ATP5G3	-0.805
	-0.37
SCFD1	1.725
SCFD2	-1.215
ZNF451	0.305
CNTLN	-0.18
	-0.07
SEMA7A	1.07
IPMK	1.84
DNAH8	-0.81
C7orf43	0.32
GGT5	-0.745
AKR1B10	-0.53
	0.75
AKR1B1	1.01
	0.03
	0.11
THUMPD1	0.27
THUMPD3	-0.12
C11orf49	-3.45
	-0.485
	0.095
MYPOP	0.96
MAML1	-0.06
DNAH9	-1.115
	0.63
	-0.175
	0.585
	2.62
BAG5	-0.74
MCCC1	-0.18
RCBTB2	1.62
USP27X	0.09
QKI	-0.59
NADK2	-1.57
ESR1	0.73
	-0.84
	0.16
	-1.01
	-0.01
	-2.84
	0.54
	-0.095
HES3	1.15
SERP1	0.62
	-0.005
TAPT1	0.535
PPP2R5D	-1.09
PPP2R5E	0.12
	-0.44
PPP2R5A	-0.8
PPP2R5B	2.11
	-0.385
CAMKMT	-2.02
	0.2
	0.49
DAXX	1.755
WARS2	0.83
ZNF296	0.02
	0.48
ATIC	-0.7
	2.185
TMEM184B	0.59
TMEM184C	-0.97
TFDP2	-1.54
TFDP1	0.78
SCIN	2.61
UBE2D3	2.32
PSME1	0.745
	0.745
MIF4GD	-0.96
SUMO1	2.05
SUMO3	0.93
	1.16
PDS5A	-1.295
HES5	1.555
PDS5B	-0.41
	0.91
	1.26
	0.85
PDIK1L	-0.11
RB1CC1	1.655
	2.05
ATPAF2	2.24
	-0.12
ATPAF1	0.19
SMNDC1	-0.32
COL22A1	-1.33
IGFALS	0.13
ESPNL	1.945
	-0.43
TRAPPC11	-0.73
TRAPPC10	0.15
TRAPPC13	1.02
TRAPPC12	-1.05
TSNAXIP1	3.12
	0.82
RP1L1	0.98
TUBB6	-0.23
	-0.3
VIPAS39	-0.73
TUBB	-0.655
TUBB3	-0.99
TUBB1	-1.22
CNOT8	-0.365
TCERG1L	-1.73
TFE3	0.805
TBX18	0.215
ADAR	0.03
	0.23
TCERG1	2.3
NR2C2AP	-0.66
SPATS2	1.23
IRAK2	-0.955
IRAK3	1.02
IRAK1	-0.425
	0.43
IRAK4	0.215
	-0.53
NIFK	0.78
NGDN	-0.11
PI4K2B	1.16
	0.13
	0.275
	0.995
NAV3	-1.52
NAV2	0.07
GNG2	1.84
	-1.145
LIG3	-1.19
FAR1	-0.215
ANKRD28	-1.52
TNRC18	-0.01
	1.38
TSPYL4	-0.64
TSPYL5	-0.53
	-0.42
VPS26A	-3.07
TSPYL1	0.785
TSPYL2	0.3
	0.845
KDELC1	-0.33
CCDC171	0.115
CCDC172	1.48
CCDC173	-1.1
CCDC174	-0.27
CCDC177	1.265
GPD1	-0.005
	1.89
GPD2	-0.78
	0.865
	1.59
	-0.015
KLRD1	1.36
PLBD1	-2.38
DIP2A	0.76
DIP2B	-0.985
DIP2C	-2.8
	0.265
CARS2	0.345
CDK1	0.89
CDK2	-0.28
CDK4	-0.995
SACM1L	0.375
CDK6	1.37
	1.78
TCEAL7	-0.4
PEA15	0.32
	0.11
SREK1	-0.105
SSTR3	1.96
	-1.28
	2.23
	0.13
	-0.46
TMEM200B	-0.11
	-1.54
	-0.47
PSMC1	0.61
PSMC2	0.25
SQSTM1	-0.895
FUT11	0.29
MXD4	0.06
PPP3R1	-0.09
SUV39H1	-0.52
PSMC4	-0.095
SUV39H2	1.86
FREM3	1.0
SAAL1	-0.67
HCN1	0.84
	-2.42
	0.61
SPPL2A	0.11
HMCN2	-1.15
HMCN1	1.775
PAPOLG	0.535
PPP1R14B	2.24
PAPOLA	-0.48
PAPOLB	0.51
AMD1	0.76
DROSHA	0.465
	-0.6
	0.97
	-1.385
ARIH2	0.235
ZNF608	0.145
ZNF609	-0.33
	0.95
C12orf57	-0.64
	1.07
	0.65
	-0.39
XRRA1	-0.5
	0.08
	2.58
PPAT	0.29
	0.51
PRKAR1B	1.38
	-1.18
	1.0
WWP2	-1.12
GTDC1	0.87
WWP1	1.3
HCN2	0.6
OGFRL1	-0.63
ZNF787	-0.43
	0.77
USP28	-0.725
CTLA4	0.41
USP25	-0.78
USP24	0.195
CYB5B	3.7
USP22	-1.24
USP21	-0.83
USP20	-1.3
KIAA0895L	0.02
	-0.045
	0.465
	-0.245
	-0.42
DSTN	2.205
	1.16
ZCCHC8	-0.635
	0.13
CTNS	1.145
	0.4
	0.455
PRPF39	-0.63
	1.54
WDTC1	-0.42
HCN4	0.335
PRPF31	-0.535
	-1.11
	0.57
ALAS1	0.74
	1.65
	0.7
BRWD3	-0.805
TYK2	-0.67
BRWD1	0.735
	-0.405
	1.085
	0.0
MINA	0.31
	1.16
FAM84B	1.48
SPARCL1	1.58
SMU1	0.265
	0.61
	0.78
ADAMTS10	-0.08
ADAMTS13	0.84
ADAMTS12	-0.43
ADAMTS15	-1.93
ADAMTS14	-1.76
ADAMTS17	0.21
ADAMTS19	-1.94
SLC5A9	1.71
	-1.25
LRP10	-1.365
	-1.21
CXCR5	0.02
LRP11	1.32
EIF1AY	0.45
CXCR4	-0.57
SKAP2	-0.64
TOX	-0.82
THPO	1.44
	1.41
	1.73
	-2.38
UBALD1	-0.23
UBALD2	0.54
	1.045
	1.75
MAN2C1	0.55
CLEC2L	-1.12
FBXL20	-1.31
	0.04
C10orf88	0.04
CD34	-0.39
	-1.635
	-1.295
	0.67
GAN	-0.43
TMEM55B	0.015
GAK	-0.135
	1.775
CITED2	0.835
	2.45
MTA1	-1.6
GAA	-1.365
MTA3	-0.795
WSCD2	0.33
GPR180	1.85
NCEH1	-1.775
ARL2	0.27
EHD3	-0.865
EHD2	0.56
TRO	-1.92
	1.41
	1.125
	-0.18
	-0.515
SLC35A4	-2.08
ITGAE	0.8
	0.68
	1.71
SLC35A3	-2.38
ABL1	-1.05
ATXN7	-0.3
ABL2	0.18
ATXN2	1.455
ATXN3	-1.93
	1.19
ATXN1	0.43
SLC6A3	0.25
PDSS2	0.26
PLSCR3	1.23
PLSCR1	0.66
	2.33
SLC6A9	1.11
SLC6A8	0.26
	-0.39
AURKAIP1	0.045
	0.525
	-0.61
	-0.385
RPGRIP1L	-0.305
CD3D	-0.59
CD3E	-1.41
	-2.21
	-0.525
BCAP31	-0.905
CCDC134	-1.32
MAPK1IP1L	1.51
CAMK2D	-0.925
KRBA1	1.17
NUP160	-0.9
CAMK2G	-1.18
CAMK2A	-0.4
CAMK2B	0.76
	-0.9
	-1.99
HAUS8	0.94
UBXN8	0.76
ANKHD1	0.295
UBXN4	1.19
UBXN6	1.03
UBXN7	0.57
UBXN1	-0.71
XKR5	1.65
	-0.465
XKR7	0.38
XKR6	0.12
RRAGC	-1.815
FILIP1L	0.22
HSD17B8	0.595
XKR8	-1.31
RAI14	1.3
	0.54
LEP	-1.18
RINT1	0.405
NIN	0.055
	-1.18
C14orf93	2.24
KIAA0040	-1.52
KLHL36	0.255
	0.76
	0.54
ATF4	0.04
GRAP	1.315
HAX1	-0.74
	-0.07
BANF1	-1.49
	-0.035
	0.13
	0.1
GUSB	-0.18
	0.13
	0.11
	-0.52
BHLHE40	1.32
	-1.74
XKRX	1.4
DDX59	1.375
	-2.23
KDM7A	-0.195
	-2.32
	-0.11
PRRC2C	0.13
C9orf64	-0.26
ENSA	0.745
	1.32
FEZF1	0.2
FEZF2	3.07
	1.155
	0.49
	-0.185
FBXW8	-0.72
	-0.345
DDOST	-1.285
	0.21
ANKIB1	-0.26
FBXW2	0.985
	-1.28
FBXW4	0.145
FBXW5	0.58
	0.74
FBXW7	-1.03
C1orf123	-0.095
PARD6G	0.68
ARID2	1.04
NTN4	0.08
CCRL2	1.44
COL4A6	0.7
COL4A5	0.25
COL4A4	0.57
COL4A3	1.235
COL4A2	-0.625
COL4A1	-0.02
PRRC2A	-0.365
ARL4D	0.74
ARL4C	-0.725
	1.25
	-2.45
	1.32
	2.075
	-0.3
	0.315
TEAD3	1.41
PGS1	2.55
ST7L	-0.235
AHCY	-1.45
OPLAH	-0.17
	-0.015
	1.41
	-0.44
	0.24
	1.41
NEURL1	0.47
TUBB4B	-0.61
TUBB4A	0.105
AFMID	-0.155
	-2.46
VPS39	-0.24
	0.29
TOMM20	0.815
TOMM22	-0.455
	0.2
AP1B1	-1.35
IRX6	0.54
IRX1	0.57
AS3MT	0.56
IRX3	0.23
	1.44
AOC3	-1.18
	1.7
RAB33B	1.58
	1.625
	2.18
MAP3K10	-0.76
MAP3K11	1.83
MAP3K12	0.61
YPEL3	0.57
MAP3K14	-0.145
NFE2	-0.38
	0.84
GALNT4	-0.43
MAP3K19	2.67
GALNT6	-0.99
GALNT7	0.11
GALNT1	-0.145
GALNT2	0.135
HYDIN	-0.895
PLXNB2	-2.31
PLXNB3	-1.07
PLXNB1	-1.03
NCBP1	-0.05
NCBP2	-2.53
	1.205
	-0.49
NARS2	0.67
SLC9A3R1	-0.75
RIPK3	-1.17
SHISA4	-2.08
	1.175
SHISA6	-2.8
LIMS1	0.99
	-1.18
	0.92
PPP2R3C	0.495
	-1.44
KIF3C	0.495
KIF3A	-1.47
	2.71
KAZN	0.06
RSPH4A	1.83
	-1.11
AZIN1	1.225
NLE1	1.26
UFC1	2.15
	2.16
PSMG4	1.32
	-1.56
	0.03
PSMG1	-0.14
PSMG2	0.15
PSMG3	-1.07
	0.13
TRPV4	0.16
TRPV6	-1.39
	0.44
	0.44
MALT1	0.53
TRPV2	-1.565
XPO1	0.79
	-1.25
THSD7A	0.06
	-0.055
XPO4	0.805
XPO7	0.39
XPO6	-1.145
VWA3B	-0.75
LCA5L	0.03
	-1.07
	-0.21
ARHGAP20	0.91
	-0.3
	0.26
	0.655
	0.61
	0.16
	-1.22
	-2.01
KCNH5	-3.37
KCNH4	0.51
KCNH7	-1.52
PRDM15	-0.445
UBE2G1	0.34
KCNH3	0.68
KCNH2	0.225
CPNE3	0.095
CPEB1	1.35
CPNE1	-0.18
C8orf76	-0.13
KCNH8	0.09
	-0.37
	-1.62
	0.775
	1.955
LEPR	-0.535
	-0.5
	-2.08
	0.055
	-1.08
FLT3LG	0.955
PAPPA	1.78
FNTA	-0.18
FNTB	-0.87
METTL8	1.38
ZNF473	-2.53
	-0.92
LHPP	-1.52
	0.325
SEPT9	-0.705
GIT1	-0.37
GIT2	-1.12
CYTH1	0.07
SEPT4	0.49
ZNF598	0.455
SEPT6	-0.445
SEC61B	1.765
	0.83
SEPT3	-1.19
SEPT2	-0.85
	-1.25
GPRIN1	-1.93
	-1.61
TACC1	-0.045
	-1.295
TACC3	1.465
SGCB	1.76
TECR	-1.9
	0.495
	2.16
COL1A2	0.09
	-0.45
	1.09
	-0.37
TNK2	-0.725
TMEM175	-0.49
	-0.92
KMT2D	-0.455
CYP4B1	-0.01
ECI2	0.54
ECI1	0.73
	0.57
IPO8	0.51
IPO9	-0.07
IPO7	0.825
IPO4	-1.285
IPO5	0.29
C9orf78	-1.39
SH2D1A	-0.435
C2CD2	0.18
CCDC66	-0.76
YRDC	-0.83
MRO	0.76
	0.83
	-1.54
	0.76
	0.375
EMILIN3	0.37
	-0.18
	2.55
	-1.065
EMILIN2	0.475
PRMT8	-1.0
	0.15
EMILIN1	-1.25
F5	-1.61
PRMT2	1.47
PRMT3	-0.35
	0.245
	-0.685
PRMT6	0.63
PRMT7	-0.01
PRMT5	-0.555
	-0.37
	2.075
SPINK5	-1.82
	-0.255
BHLHB9	-2.32
FKRP	-2.78
ADAM23	-2.95
	-0.445
ADAM22	-1.68
SCG2	-0.01
	-0.21
FANCM	-1.59
HUS1	-1.93
TUBGCP2	-0.26
TUBGCP3	-0.79
TUBGCP4	1.9
TUBGCP5	-0.425
TUBGCP6	-1.055
CRHR1	-0.5
STIM1	-0.93
STIM2	-1.2
	-2.1
	1.41
	-0.6
RFFL	0.135
	0.52
HAT1	1.435
	-0.5
FAM188A	-0.78
PAK4	1.47
	0.01
PAK1	-1.28
PAK2	-0.26
	0.87
	-1.0
	-0.01
	1.66
	-0.585
AK9	3.47
RERE	0.245
	-0.88
SLC35F6	-1.01
	0.185
C11orf95	0.645
FAM98C	0.625
HLA-DOB	0.42
YIPF2	-0.56
	-0.9
TTI2	0.205
TTI1	-0.36
LIPT1	-0.385
PLA2R1	-0.43
YIPF5	2.43
	0.38
ELF4	0.705
SS18	-0.6
DNAJC15	0.31
HIST2H3C	3.76
SMARCE1	0.675
	4.02
EIF4E	-1.365
	-0.18
TNS1	-1.07
PATL1	0.195
RTTN	1.14
AIF1	-1.37
EIF4B	-0.18
PHACTR3	1.44
VWA5A	0.36
	0.315
	0.61
CABP2	-0.43
	0.205
RHOC	1.165
FAM98A	0.38
	-0.15
	-0.29
	-0.25
	0.28
	0.6
GFI1	1.49
ZNF592	-0.785
	-0.11
	-0.85
	0.76
	1.22
	0.42
RHOF	-1.095
HK2	0.415
TAPBPL	-0.015
PPT1	-1.74
TOX2	-0.355
	-0.3
GNAI1	-0.57
	-2.19
NAA11	0.74
FAM186B	-1.89
AMHR2	-1.56
UNC80	0.195
JPH2	2.01
JPH3	1.45
ICAM5	0.57
FXN	0.4
	0.805
ICAM2	-1.22
JPH4	0.0
TCEA1	1.305
	-0.905
SYDE1	-2.35
	-0.42
	-2.58
	-1.79
	-1.1
MOB3B	-0.43
	-1.56
	-1.18
SLC2A9	0.65
	0.35
	0.84
	0.0
OR5A1	0.1
	0.81
COQ10B	-1.85
	-0.375
	0.665
COQ10A	0.02
CCDC152	-1.015
HOMEZ	1.27
CCDC150	0.51
NFAT5	0.275
CCDC157	0.515
MMP8	-1.56
MMP9	0.89
CCDC158	0.735
	1.57
	1.54
MCPH1	-3.34
SLC2A4	0.87
JMJD6	1.715
JMJD4	-2.96
SLC2A3	0.23
JMJD8	-0.64
	-0.8
	0.23
SFR1	1.585
SECISBP2L	1.085
PLCH1	-2.68
SUSD2	2.2
SUSD3	3.12
SUSD1	0.43
SKP2	-0.33
	0.49
	1.55
GAS6	-2.055
CAPZA2	-0.245
CAPZA1	-1.26
AGPS	1.06
SERINC5	1.07
RPS6KC1	-1.495
SERINC1	-1.245
	-2.16
SERINC3	0.75
SERINC2	0.565
	1.15
RADIL	-0.765
SNX30	-0.47
SNX33	-0.005
SNX32	0.65
CDH11	2.64
	1.34
DIRC2	-2.255
CDH15	-2.87
CDH17	0.2
DLST	-1.25
POU2F1	0.49
TMEM59	-0.405
CHM	0.16
MRPL54	2.53
MRPL55	1.35
	1.15
	2.29
	0.825
MRPL51	0.38
MRPL52	1.79
MRPL53	-0.02
ACLY	0.88
	0.385
	-0.085
	1.89
	0.465
	0.41
PLD4	-0.845
	1.75
	-0.88
	0.475
TMEM147	1.93
	-0.025
C7orf25	-0.51
	1.31
	1.195
	0.08
	-2.21
POU2F3	0.465
NFYC	0.49
NFYB	-1.0
NFYA	1.95
NKX1-2	1.23
	0.165
C11orf54	-0.33
RPL7A	0.67
CTNNA3	-2.16
ADCY2	1.98
SCAMP4	0.475
SCAMP2	-0.645
GSTT2	2.71
	1.175
SCAMP1	-0.43
PRRC1	-0.215
C8orf37	0.77
UNC45A	-0.815
UNC45B	-0.86
	0.16
POLR2D	0.32
POLR2G	-0.66
POLR2F	-1.21
POLR2A	-1.125
MANSC1	1.16
POLR2C	2.56
POLR2B	0.13
POLR2M	-0.675
POLR2L	-1.35
	-2.02
POLR2I	2.79
	-0.33
	1.77
TMPRSS15	1.99
GUF1	0.09
	-2.45
	-0.77
SLC9A6	1.08
ATP11C	-1.16
SKIL	-1.135
ATP11A	0.52
TOM1L2	-0.78
HIBCH	-1.28
HMBS	0.81
GABPB1	1.165
POLDIP3	-0.085
POLDIP2	-0.14
GCK	-1.22
THRB	-1.39
GREB1	0.29
THRA	-3.01
CD14	-3.26
	-2.265
	0.13
AFP	0.4
TMEM143	-0.18
	0.27
FBXO45	-2.77
	1.06
FBXO46	0.57
VASN	-0.67
FBXO40	-0.03
	1.39
FBXO42	-0.04
	0.42
DAD1	-1.025
	-1.31
	-0.6
MAN2A2	-0.675
NDC1	-2.58
ERI1	1.51
	-0.3
	0.51
	1.43
	1.46
BAIAP2	-0.82
VASP	0.355
MLST8	0.74
	0.985
XAB2	-0.59
REEP5	-0.455
RHOG	0.275
CHD1L	-0.05
	-0.02
	-1.22
	-1.07
	-1.315
PER3	1.065
PER2	1.41
PER1	-0.585
TBX1	-0.69
	0.735
ACOT7	0.35
	-0.635
LCA5	-0.27
TNFSF8	1.63
SLC35C2	1.36
	2.25
SLC35C1	-1.47
DBI	-0.42
	-1.56
ALDH5A1	0.36
	0.89
	-2.055
MID1IP1	0.92
WSB2	0.61
	1.525
DBP	-1.34
LY86	-1.85
TESK1	-1.085
TESK2	-0.14
	0.165
AREG	1.28
CENPC	-0.57
RB1	-1.83
	0.61
LDB2	1.48
PURB	-0.315
PURA	0.375
LDB1	-0.08
AMMECR1L	0.85
GDF5	0.88
	-1.31
	-0.43
NQO1	1.0
LONP2	-0.13
	1.485
LONP1	0.795
PILRA	-2.89
TBC1D22B	1.97
TBC1D22A	-0.49
PARP16	-2.01
	0.625
	1.525
	0.82
	-1.145
LZIC	-0.93
UFSP2	0.43
	0.57
ARSG	-0.38
ARSA	-0.22
ARSB	1.045
ARSI	0.71
ARSK	-1.18
	1.31
RFTN2	-0.43
RFTN1	-0.23
	0.35
	-0.6
	0.425
	-0.465
	1.32
	0.465
	1.87
PAQR9	-3.07
C11orf53	-0.37
YTHDC2	-0.19
	-1.65
	-0.655
	-1.86
	-0.4
	-1.93
PAQR7	0.96
BTD	-0.955
	1.93
DENND4A	1.07
DENND4B	-0.15
DENND4C	0.745
	3.09
	-0.32
	1.89
UQCRC1	-0.7
TPT1	0.48
BTK	0.15
ST3GAL3	0.68
STK19	-0.295
	0.68
	0.065
EXOC3	0.705
	-0.115
LSM12	0.39
CALR	-0.49
STK11	-1.265
STK16	1.4
CALU	-0.055
	0.255
	-0.235
MSTO1	-0.68
	0.02
NAA60	0.61
	-0.58
PCED1A	-0.925
ALOX5	-0.53
LSM11	-1.605
	1.42
	-0.8
	0.4
	-0.295
	1.21
	1.005
ST3GAL5	-2.7
PHB	0.27
PCED1B	-0.595
MRFAP1	0.12
CCDC3	-2.58
ATP5H	-0.805
CCDC6	-1.06
KCNA3	-1.085
ITGA3	-0.615
CCDC9	-1.145
EXOC8	-0.04
GUCA1B	-1.07
SLPI	2.26
MRPL36	0.17
	1.24
ACSM1	1.43
IMPDH2	-0.53
	2.59
	0.405
	-0.64
	1.47
MRPL35	0.84
CYLD	-1.055
MAP3K3	0.915
SAMD4B	-1.795
SHKBP1	0.985
C7orf57	1.59
MYH2	0.235
MYH3	0.49
GYPC	-0.26
	0.995
MYH7	0.225
MYH4	-2.76
ERBB2	-2.27
MYH8	1.09
MYH9	-0.355
	-2.67
TP53BP2	-0.3
	1.45
	-0.51
	-1.54
CCR4	-1.48
SNRNP70	-0.57
	0.45
	-0.23
OSTM1	-0.51
SLC52A3	-1.11
SLC52A2	0.235
KIF1A	-0.995
KIF1B	-1.31
KIF1C	-1.835
	0.425
	0.27
TMEM26	-0.53
MITD1	1.08
PRDM4	-0.43
ITGA6	-0.215
PRDM6	1.07
PRDM1	0.11
PRDM2	0.385
CAGE1	0.355
PRDM9	0.93
TMPO	-0.215
RAB5A	1.37
RAB5C	-1.435
RAB5B	0.02
UNC119B	-0.57
	0.75
CASP4	1.54
G6PD	-0.995
RGS1	2.22
RGS2	-1.02
RGS3	-0.475
	1.32
NVL	-0.525
RGS9	-0.42
	0.08
CAMP	1.235
DGCR2	-1.965
	1.32
	0.5
	1.875
	-0.485
CTSG	3.835
	1.32
KIF14	1.67
KIF15	1.825
	0.275
PSMA1	-1.23
	-2.35
PSMA7	-0.085
PDE6D	1.06
PSMA5	1.85
TRPT1	-1.24
OTOG	-0.865
	-2.27
	1.025
	-0.58
	0.645
	-0.36
	0.94
	1.06
REM2	-1.54
	0.515
	1.51
RPL18A	-0.54
FA2H	-0.215
	0.17
TTC7B	0.76
	2.005
	2.21
	0.61
CHGB	0.54
CNDP2	-1.47
ATP5C1	-0.91
ZDHHC14	-0.675
ZDHHC17	-1.28
	-0.6
ZDHHC13	0.015
ZDHHC12	-0.44
KCNJ9	-0.53
NBR1	-1.4
ZDHHC19	-1.85
ZDHHC18	0.19
	-0.06
LGALS9B	0.29
LGALS8	-0.105
CREM	0.38
TUBA4A	0.23
LGALS3	0.415
	-0.14
LGALS1	-0.375
NFKB2	0.205
AFAP1L1	-0.515
HRH4	-0.84
	-0.38
AFAP1L2	-0.88
ZNF410	-0.32
METTL15	0.41
ZNF414	0.84
RBM12	-0.62
RBM10	1.47
RBM17	-2.59
RBM15	0.49
RBM14	0.87
	0.755
RBM18	0.03
OR1D2	-1.56
	0.525
PPP2R1A	-0.87
PPP2R1B	-1.18
ZFX	-0.85
TP53I13	0.125
LGALSL	-1.18
TCP11L1	1.23
TCP11L2	-1.445
CEP89	2.135
N6AMT1	-2.21
	-0.31
	-1.09
	1.74
	-1.14
GFPT1	-0.94
GFPT2	-0.425
CEP85	-1.155
SPEF1	-1.22
	-0.035
TWF2	-0.35
	-0.1
	-2.41
E2F1	1.12
PRPF38A	-2.235
PRPF38B	-0.275
UBE2E1	-1.05
UBE2E3	-1.54
SLC25A22	1.435
SLC25A23	0.665
PTK2B	-1.085
PEX11B	2.45
SLC25A26	-1.53
	-0.44
SLC25A24	0.47
SLC25A25	0.02
	-0.57
SLC25A28	-0.82
SLC25A29	-0.03
PCYT1A	1.155
BNIP1	-1.34
BNIP2	0.015
	-1.63
DHX8	-0.23
RGL2	-1.02
TMEM260	0.38
RASA1	-0.085
PRKDC	-1.115
ZBTB8B	-0.185
	1.625
	0.915
	0.91
	0.705
	0.695
PRTN3	4.06
	0.87
ETFA	3.12
ETFB	-0.295
TFAM	-0.33
LAS1L	-1.39
SCAF11	-0.415
OR2A5	-1.39
	-0.725
PDIA6	-0.65
CTDP1	-0.78
	1.225
POGLUT1	1.84
GPR137	1.25
FADS1	1.565
NR5A2	0.965
NR5A1	0.51
GPR132	-0.505
	1.02
	-1.54
	0.2
	0.68
BSCL2	-0.405
	-1.93
OVOL1	0.78
	1.06
CAPN15	-1.07
PDIA5	-2.34
ESYT1	-0.23
ESYT2	-0.235
ESYT3	-1.07
FRAT1	-0.33
FRAT2	-1.305
MYBBP1A	0.46
CAMKV	-1.18
KIF21A	-0.41
ATF7	0.37
PRKD2	-1.265
PRKD3	-1.465
	-0.43
MTFMT	2.38
	-0.31
TLK1	0.755
	-0.51
TLK2	-0.6
ATF1	0.16
CGGBP1	-0.69
	-0.86
ETF1	1.045
ERCC6L2	1.08
	0.215
	-0.82
CMKLR1	0.055
GCDH	-0.63
LMO7	1.17
MRE11A	-0.82
UVSSA	2.35
ABTB1	-0.675
	-0.015
NPAS3	-0.56
BACE2	0.61
NPAS1	-1.4
	-0.84
C21orf91	-0.9
	0.95
VWA5B2	0.52
VWA5B1	-1.31
IL17RD	-0.5
IL17RC	-1.93
IL17RB	-0.43
IL17RA	-0.215
PHOX2B	4.075
	2.08
NR6A1	-1.24
TAGAP	0.22
	0.83
	0.955
	-0.675
HMG20A	-1.67
OLFM1	-0.5
FCRLA	-0.835
CASP9	-0.89
HMG20B	-1.24
THOC3	-0.48
THOC2	1.005
ZC3H12B	1.36
THOC7	0.915
THOC6	1.02
THOC5	-0.07
B3GALT4	0.8
B3GALT6	0.23
NR4A1	-1.235
ACACA	0.14
VRK3	0.735
ACACB	0.195
WNK2	-0.25
WNK1	0.6
	0.185
WNK4	0.1
	0.135
	-0.385
GMCL1	1.005
USO1	-0.04
	-1.18
	-1.9
BET1L	1.27
	-1.24
	-0.99
TMEM63A	-1.0
TMEM63C	-0.4
TMEM63B	1.745
SNTB2	-0.145
SNTB1	-0.61
PLD3	-2.685
AIDA	-3.69
PCBP4	0.85
	-1.28
	1.195
CACNB3	-0.1
	-0.07
CHRND	-1.31
NIPA2	0.525
	-0.5
WWC1	1.02
OSBP2	0.09
NCAPG2	1.285
	0.505
	0.45
	-1.31
DMAP1	-0.06
FAM160B1	-0.185
	1.46
	0.17
FAM160B2	-0.82
	0.05
DPH2	1.1
DPH5	-1.18
LPXN	-0.29
DPH7	0.28
SPOP	-0.25
TBRG1	0.37
	3.705
PLCXD3	-0.3
PLCXD2	-0.49
DSTYK	-1.595
HDAC2	-0.46
	0.87
C6orf106	1.89
	1.59
	0.18
ZNF644	1.805
SH3TC2	-1.235
SH3TC1	-1.86
ZNF250	0.54
ZNF641	0.54
	0.08
	-0.01
	1.05
PUM1	-1.56
	-0.42
	0.53
MERTK	-4.405
OR10C1	1.58
TNKS2	-1.755
NPEPPS	2.125
SNX17	-0.13
SNX16	0.08
SNX15	-0.91
SNX14	-0.36
SNX13	-0.54
SNX12	-0.61
SNX11	1.135
SNX10	-0.02
ZNF804B	2.0
ZNF804A	0.795
	-0.3
SNX19	-0.755
SNX18	-0.87
	1.6
	0.5
	-0.205
TMPPE	-0.15
PPP1R3F	0.21
	0.435
SFTPA1	-1.18
	0.72
	-0.11
	-1.99
MALSU1	1.77
	0.03
	0.345
	1.245
	0.13
	-0.4
OTOGL	0.095
	0.25
	-2.38
	0.61
	-0.92
	-0.755
DZANK1	1.96
	-1.63
PPP1R3E	1.64
GXYLT1	0.065
GXYLT2	1.83
MARS	0.18
	-1.24
FAM110D	2.58
NDC80	-0.25
STARD3NL	0.83
FAM213A	0.12
RIC8B	1.415
	-0.89
FAM213B	-0.45
TNFRSF1B	-0.03
EXOC3L1	0.535
TNFRSF1A	-0.54
	-1.99
MIB1	0.06
MIB2	-0.51
PPP1R3D	0.75
	0.34
	-0.19
ZFAT	-0.92
RIF1	1.06
CR2	-0.035
	0.76
	-0.795
PABPC1	-0.165
	-0.45
PABPC4	-0.345
	-0.005
	-0.13
	1.38
DTD2	0.77
	0.2
TNRC6C	0.235
SAMD1	0.885
TNRC6A	0.805
SAMD3	0.93
SEMA6D	-2.545
SEMA6B	0.93
DBR1	0.115
	-0.055
	-0.63
	0.51
CD28	-1.175
	0.94
	0.985
	-0.34
	5.32
	0.975
TNFRSF17	-1.03
TNFRSF14	1.63
MARC2	-0.855
TLDC1	-0.29
	-0.32
	1.125
TNFRSF18	-0.32
DCPS	-0.15
	0.34
	0.87
PEPD	0.045
	-0.645
	1.93
SERPINB9	0.78
CLEC14A	0.79
RAE1	0.7
ADA	0.17
ARMC10	0.135
PYCARD	0.175
ADK	-1.06
	-1.08
	0.58
LRPPRC	0.145
ADPRHL2	0.95
	0.43
ZNF618	-0.95
GAPDHS	-2.74
	-0.3
GPBP1	0.265
	-0.4
	2.235
	1.41
	1.08
	0.76
DCP2	0.215
	-1.4
BAG6	-0.375
BAG4	2.59
TNR	1.68
	0.075
	3.9
INSL3	-1.31
	-0.2
TNF	1.36
TNC	-0.16
SLC35E1	1.43
SLC35E2B	1.19
SLC35E3	1.32
LZTR1	0.22
SAP130	0.795
FAM111A	0.76
CCNL1	-0.89
GGACT	0.12
RAB3GAP2	0.59
	1.94
RAB3GAP1	-1.09
ENDOD1	-0.21
YME1L1	-0.42
	-1.93
TMEM8A	-1.25
TMEM9	2.75
	0.02
	0.685
	0.02
	0.09
	3.19
RABEP1	0.99
TMEM2	-0.465
ZNF717	1.395
RPS26	1.505
STK32C	0.16
NOS2	-0.69
NOS3	-0.805
RPS23	0.105
RPS20	-0.065
	0.68
MIS18BP1	0.37
ABCA12	1.69
RPS28	-0.35
RPS29	-0.84
	0.175
	0.71
N4BP1	1.04
ESD	0.275
ADPRHL1	-0.745
LCP2	-1.685
LCP1	-0.635
	0.815
	-0.835
	0.755
	1.06
NFKBIB	0.585
PLEKHA8	1.43
	1.44
	-0.44
NWD1	-0.025
CHUK	1.465
NFKBID	-1.75
NFKBIE	0.22
NFKBIZ	0.11
ARHGDIG	1.005
PADI2	0.305
YIF1B	1.22
YIF1A	0.37
LAT	-0.355
HRH2	0.77
JDP2	-1.96
	0.51
HHIPL1	-0.91
	0.675
IDO1	1.805
	-2.08
	-1.11
FMNL2	1.575
FMNL3	-0.165
	-0.68
SNRNP40	0.255
PFKFB4	0.23
CETN2	1.0
PDZD2	0.835
	0.965
	0.1
CFTR	1.59
RNMT	0.53
BUD13	-0.285
CXorf23	-0.91
LSM14B	-0.36
LSM14A	0.255
	1.95
	-1.93
	0.455
FANCF	-0.725
FANCE	-0.18
JAK2	0.295
JAK3	-0.54
FANCA	0.54
JAK1	-1.085
GRM4	-1.79
SLIT3	1.32
BRE	-0.025
FANCL	-0.53
DENND6B	-1.3
GRM1	0.24
GRM2	-0.135
DENND6A	-1.52
QRSL1	0.0
	-4.08
ATP8A1	-1.21
APPBP2	-0.355
	-0.3
HARBI1	-1.18
KBTBD2	0.24
	-0.535
MYO6	0.135
	1.06
	2.53
	-0.945
	0.035
UBE2J1	-1.68
	-0.625
PPP1R3G	0.57
HLA-G	0.0
	0.61
ATG4B	-1.16
ATG4A	1.37
	1.51
MPDU1	2.05
ATG4D	-0.705
	-4.0
COX6B1	-0.04
XPA	1.42
SNX3	-0.055
SNX2	-0.565
SNX1	-0.14
ARAP3	2.45
SNX6	-0.31
SNX5	-1.655
SNX4	0.51
SNX9	-0.37
SNX8	1.9
KRT4	1.38
FNDC3A	-1.13
FNDC3B	-0.29
PLXNA2	-1.005
	0.54
	-1.19
XPR1	-0.56
C3AR1	0.93
FAIM	-0.21
IFT88	0.94
DAPL1	-1.21
TNIP2	-0.38
	1.87
TNIP1	-1.01
	-0.175
	0.025
	0.02
	1.47
DDB2	2.45
ELL2	0.765
DEPDC1B	0.83
DDB1	-0.415
SHMT2	0.885
SHMT1	0.125
	1.095
	1.73
PIM3	0.225
BLVRB	-0.33
	0.24
C2orf76	-1.24
	0.13
METTL13	0.43
RBBP8NL	-1.05
BCL2L1	-0.39
ISOC1	0.58
	0.65
	0.565
SEC24D	-0.22
SEC24A	1.83
SEC24C	-0.115
SEC24B	0.065
	0.435
FGFR4	-1.62
	-0.34
FGFR2	-1.94
FGFR3	-0.855
FGFR1	-0.3
MVP	-0.895
	0.51
	1.1
	-1.56
	1.66
	-1.82
	1.32
CCDC82	0.82
CCDC80	1.28
CCDC87	-2.405
CCDC86	-0.6
TANGO6	-0.835
MVD	1.81
TANGO2	1.11
	-0.24
	-0.01
PDE4A	1.65
PDE4B	0.21
PDE4C	0.12
	0.125
PSMC5	-0.195
MXD1	2.61
DOLK	0.76
NR2C2	-0.17
	1.16
	-1.82
NAAA	0.11
	0.335
METTL16	0.7
	-0.01
	-0.62
AQR	0.135
ZNF784	0.08
HSP90B1	-0.065
ZNF786	-4.02
TRMT5	1.23
RAPGEFL1	0.13
ASPRV1	-0.45
	0.49
	-1.54
AGTPBP1	0.17
TTC9C	0.13
N4BP2	0.105
KCMF1	-0.51
IARS2	-0.815
CASP7	0.22
MRPS35	0.48
MRPS34	0.985
ATP5A1	-1.015
TRMT1	-1.0
MRPS31	-0.72
MRPS30	-1.38
	0.42
CLIP3	-0.09
CLIP2	-1.43
CLIP1	-0.095
	-1.93
	-1.22
CASP2	1.97
	-1.9
	1.22
	0.355
	-1.0
	-2.125
ACTG1	-0.06
ACTG2	0.565
	-0.685
CHRNB1	1.42
CASP1	0.17
	2.21
	0.295
	-2.1
	-0.86
GNB4	-0.75
NLRC4	-0.39
NLRC5	0.185
LARS2	2.4
AGO1	0.245
AGO3	1.985
NLRC3	0.505
	0.91
SOX18	-1.89
VBP1	2.09
GNB1	-0.3
NELFE	0.37
	1.185
C1QBP	0.48
ARHGAP23	0.14
ARHGAP22	2.42
ARHGAP21	1.135
FXYD5	0.455
ARHGAP27	-0.025
ARHGAP26	0.305
ARHGAP25	-0.57
ARHGAP24	1.94
MSANTD4	-1.22
	0.365
ARHGAP29	0.175
WRNIP1	-0.795
CRIP1	-0.57
	0.9
BROX	-0.64
	0.48
	1.26
RGS10	-2.74
	-1.1
DHFR	-0.955
	0.61
SLC5A10	-0.88
	0.045
	0.06
	-0.26
	-0.615
ZC3HAV1	-0.105
	1.4
	-0.93
	1.665
	0.35
IFIT2	-1.61
IFIT1B	0.95
	0.18
MTHFSD	0.565
DCLK1	-0.5
	0.56
PROCA1	-0.53
	2.13
	0.6
KDM5D	0.18
	-0.38
	1.37
	-1.53
HIST1H2AB	1.0
	2.18
DDX23	-0.34
DDX21	0.07
DDX20	0.235
DDX27	0.255
	2.83
DDX24	0.2
PAOX	-2.095
DDX28	0.16
	0.585
PDCD11	0.075
	-1.62
TAMM41	-2.4
	-0.255
	0.1
GLYR1	1.21
MXRA8	-0.155
DYRK1B	0.45
	-1.205
FAF2	-0.805
MAP1A	0.175
	3.21
IWS1	-0.13
ADRB1	-3.02
ADRB2	-1.2
	1.76
LACTBL1	0.94
TUBD1	0.71
	0.57
COPB2	-0.41
B4GALNT4	0.07
	-1.57
B4GALNT1	-0.58
B4GALNT2	1.46
B4GALNT3	-0.325
BIRC7	0.91
BIRC6	-0.165
BIRC3	-1.3
BIRC2	0.75
LSM10	-1.18
EEF1B2	-0.05
CTU2	1.08
APRT	-0.985
CTU1	0.625
TRIM46	-0.2
TRIM47	-1.14
TRIM44	0.55
TRIM45	0.385
RAP1GAP2	0.8
TRIM41	0.87
CAB39L	1.23
TAF1C	0.635
VSTM2L	1.35
AIMP2	1.26
STIL	0.34
ACAA2	-2.355
HECTD1	-0.205
RNF144B	-0.48
	1.05
RNF144A	-1.25
NFKB1	0.23
	0.03
AIMP1	0.64
	1.12
HDX	-1.24
	-0.64
SUN2	-1.85
	0.345
	-0.43
SUN1	-0.25
KDM5A	-0.24
ZBTB8A	0.25
	0.83
	1.51
	-1.6
	1.11
INADL	-0.925
	0.28
MTX1	0.885
ATF5	0.52
SMARCA1	3.105
SMARCA2	-0.94
ATF6	0.7
SMARCA4	-0.63
SMARCA5	-0.6
ATF3	0.83
EPS15	1.005
KDM5B	-0.09
	0.03
	1.1
RTP4	2.6
PCBP2	-0.435
PCBP3	0.28
PCBP1	-0.535
	-1.62
CMTM3	-0.42
CMTM6	-1.51
	1.285
LIAS	-1.21
	1.4
KDM5C	-0.66
GFM1	1.98
GFM2	0.425
CARM1	-0.01
CPA1	0.915
HEXDC	-1.79
TYMP	1.075
VCAM1	-2.99
CPSF7	-0.22
STT3B	-1.325
STT3A	0.19
CPSF4	1.54
CPSF3	-0.39
CPSF2	-0.605
CPSF1	-0.725
KIAA0930	-0.21
ASPG	-0.23
ENG	-0.18
ASPM	0.905
ASPH	-1.0
CHML	0.02
RRN3	0.465
TPI1	0.54
AKAP7	-2.01
	-0.26
	-2.11
PTPRG	-0.015
	-0.185
BECN1	0.32
AKAP2	-0.375
SIAH2	1.3
SIAH3	-0.37
	2.89
TP53	-0.34
	-2.46
FAM135A	-0.225
TCF15	0.94
TCF12	0.695
SYNE1	-0.645
SYNE2	-0.44
SYNE3	1.29
YBX1	0.765
YBX3	-0.27
YBX2	1.615
PHPT1	-1.26
	-1.5
	2.76
	-0.385
NONO	-0.87
ZBTB1	0.22
DAZAP2	3.44
	1.43
TRMT6	0.57
PTPRO	-0.285
GATSL3	-1.18
NR2C1	1.67
	-0.165
GKAP1	-0.38
	1.425
	0.14
	-1.18
	-0.475
	-2.19
SIRT3	-1.82
SIRT2	-0.165
SIRT1	-0.745
	0.15
SIRT7	-0.985
SIRT6	0.84
SIRT5	-0.25
SIRT4	-1.74
SOX10	-0.86
SOX12	-0.86
RHOBTB1	1.93
SOX15	0.315
RGS19	0.38
	-0.165
GAS1	-1.13
RASA3	-0.725
EBNA1BP2	-0.415
	-0.75
ACPT	0.755
TAF1B	0.17
TAF1A	2.1
DBT	0.115
UPK3B	-0.4
TAF1D	1.85
	-0.755
	-1.65
MYZAP	1.46
	0.05
	-0.34
ZBTB17	-0.02
PHLPP2	-0.49
PDPR	-0.46
RILPL1	0.4
	0.76
MAPT	-1.52
	0.72
CLU	-1.255
	-0.33
CYS1	3.02
LCMT2	-0.77
FAM135B	-0.66
	0.46
LRP2	-1.07
TICAM1	0.91
TICAM2	0.83
PHLPP1	0.83
LRP6	-0.33
RFWD3	-0.565
	-0.44
LRP5	-1.255
	-0.86
TP53BP1	0.365
TFPT	-0.325
ZBTB16	0.76
ZBTB34	-0.6
	0.275
ZBTB37	0.86
MVK	2.19
	-1.93
	-3.18
RPS8	-0.39
	-0.63
ACP6	0.56
ADD3	-0.635
ACP1	-2.32
ACP2	-2.265
WWTR1	0.76
	-1.28
LACTB	0.105
ZMYND19	0.1
MAP2	0.505
PDP1	-0.38
PDP2	1.08
TAF10	-0.455
LENG1	0.665
DGCR14	0.14
TAF15	0.465
SLC25A40	0.79
SEMA4B	-0.685
SEMA4C	0.05
LENG9	0.155
LENG8	-0.14
SEMA4F	-0.02
ZBTB4	-0.92
	0.4
KLHL24	1.58
KLHL26	-0.04
KLHL21	-0.47
	0.86
PTEN	-0.22
TGDS	0.18
PGPEP1L	-0.4
IL21R	0.085
PHRF1	-0.66
KLHL28	-0.56
	-0.135
	-1.22
	-1.07
	0.595
	-1.93
FAM53B	-0.81
FAM53C	-0.42
NUMBL	-1.78
FMO3	0.94
FMO1	0.74
	0.505
	-0.5
	1.46
HMOX1	-1.51
	0.02
SPRED2	-0.47
HMOX2	-0.875
RAG2	1.46
	0.11
RAG1	1.44
	-1.56
ANXA4	1.92
	0.92
	-1.22
FAM131C	1.44
PENK	2.29
ADD2	-0.75
ADAMTSL2	-1.31
ADAMTSL3	-0.58
	0.485
ADAMTSL1	-0.69
FAM168B	1.07
ADD1	-0.025
ADAMTSL4	0.75
BBC3	-0.22
RPLP2	-0.78
	-1.07
RPLP0	-0.115
MTG2	0.91
	0.49
MLLT10	0.32
MTG1	1.38
MTUS1	0.015
MTUS2	0.06
	0.16
	1.81
ISYNA1	-0.175
FADS3	-0.38
FADS2	0.1
ZSWIM2	-0.3
DNER	-0.43
GPR182	0.81
SLC35G1	2.01
	-1.135
	-1.07
ACRBP	-1.07
	2.42
	1.29
PTGIS	-3.91
CISH	1.545
EPS8	0.46
PPP6C	-0.25
	0.02
GLTSCR1L	-0.295
	-0.4
CD79B	-0.25
CD79A	0.6
KIAA0226L	-0.075
TAF13	0.74
	-0.43
	0.22
TAF12	-0.015
VAC14	-0.62
MECP2	-0.67
TAF11	0.57
	-1.93
C17orf50	-0.165
	0.605
	-0.36
	0.125
	-3.09
SIX5	0.475
	-1.82
ZW10	0.295
SYNE4	0.11
AWAT1	-1.25
MAP7	0.665
CCDC112	-1.0
TICRR	0.19
	0.165
	0.455
RRS1	-0.845
	1.35
	-1.62
ZNF263	-0.745
OXR1	-0.82
	-0.22
ZNF260	-0.585
SEMA4A	0.49
SIX3	1.39
EAPP	0.82
IQGAP2	0.525
IQGAP3	0.635
LCT	0.77
MAP9	0.08
TRMT10C	0.91
PDXDC1	0.485
	0.335
KIAA1211L	-1.12
SEMA4D	0.025
	-2.45
SLC5A11	0.89
INPP4B	-0.71
UNC5CL	0.165
	-0.54
	0.16
	-0.44
DFNB31	-0.815
	-0.44
	-0.115
LOC285556	-0.22
COPS7A	-0.01
LCK	-0.955
KLHL25	-0.595
	-0.4
	1.93
RASIP1	2.275
	-0.01
TIMD4	-0.49
	2.08
FEN1	0.315
SOX8	-2.2
SOX9	-0.44
	0.04
	-1.39
SOX2	-0.44
SOX3	0.24
CABLES2	0.395
	-1.54
KLHL20	0.59
CD2BP2	0.52
KLHL22	-0.04
BCL11A	-0.205
BCL11B	-0.26
METTL23	-1.11
METTL22	0.06
	2.05
	0.075
METTL25	-2.19
METTL24	0.49
	-0.32
NMNAT1	0.0
	-0.52
C9orf85	-1.52
	-0.81
HINFP	-0.56
AHI1	0.79
	-0.19
MUS81	-1.14
YTHDF3	0.185
C18orf54	-0.88
	3.76
PARG	-0.755
RSU1	0.5
LYVE1	-0.045
	-0.38
PARN	-0.825
PARL	-1.3
IL21	0.16
FIS1	0.205
IL27	1.62
	0.68
SNED1	-0.91
ATG2B	-0.095
BMP3	0.68
IGFLR1	0.34
	-1.54
HLA-DOA	-0.365
CPXM1	-1.43
	0.76
KNTC1	0.73
GRAMD1B	-0.81
MYL6	-1.61
	1.42
MYL4	-0.53
PLEKHB2	-0.47
	1.42
PARVG	-0.105
DNAAF2	-1.52
DNAAF3	-2.01
	-1.235
	0.02
MYL9	3.06
	0.42
MARVELD1	-1.53
TOMM40	-0.285
DEXI	-1.56
	0.4
ABCA7	-0.12
	-1.31
	-1.18
LTA	1.94
TLR2	-1.05
ST14	0.76
TLR1	-0.855
TLR6	-0.045
ST13	-1.105
	0.685
TLR5	-0.88
ABCA2	-0.435
TLR8	-2.14
UBA52	-0.225
HARS	-1.28
WDR91	-0.98
BICD1	0.72
ABCA3	-0.215
ADAMTS4	1.84
ADAMTS7	1.165
	-0.885
ADAMTS1	2.07
NDUFC1	2.29
	1.59
KIF5A	-1.08
KIF5B	-0.155
	0.79
	-0.695
ADAMTS8	-0.43
ACY1	-0.38
	-2.08
	-1.65
HIST1H2BI	-0.385
C1orf35	-0.17
HIST1H2BN	0.845
	-1.15
	0.52
WAS	-0.21
	-1.12
PKHD1L1	-0.38
	2.32
	0.56
MMEL1	-0.055
	-1.08
	-1.82
RAB1B	-1.03
	-0.33
ARHGAP30	-0.965
KIAA1468	0.765
	0.27
NOXA1	0.87
	0.15
	0.82
HIP1R	0.32
ZBTB3	-1.44
	1.51
	1.165
MTR	-0.755
	-0.52
	1.43
	-0.53
	0.34
	2.83
	-1.19
PLA2G2D	0.61
CPEB2	-0.725
	0.87
	1.33
SPRED3	-1.28
	1.05
	-0.595
	0.335
PDCL3	0.5
NACA	0.45
	-0.815
CUTC	-1.54
S1PR3	1.07
S1PR2	-2.63
S1PR1	-0.455
	-0.165
S1PR5	1.58
S1PR4	-0.685
RAB19	-0.54
	-0.085
PTPN9	-0.17
RHOT1	-0.92
RHOT2	-1.045
	1.01
PTPN3	-0.145
CCZ1	0.67
PTPN1	0.345
RAB12	-0.9
PTPN7	-0.14
RAB14	0.48
PTPN5	-2.38
	1.23
TBXA2R	0.46
CRCP	-0.86
RRAS2	1.065
CUEDC2	-0.58
ORC6	1.325
	0.915
ORC5	0.37
ORC2	0.635
ORC3	0.62
ORC1	-1.65
ANKDD1B	-1.18
MFSD6L	-0.45
	1.49
NPLOC4	0.29
GPR12	0.4
ACTA2	-0.5
ACTA1	0.37
	0.73
ASH2L	-0.195
C3orf70	-1.94
	-0.9
SCML4	0.775
	-1.87
ARHGAP19	-2.84
	-1.24
	-0.235
NDUFB9	1.3
NDUFB8	2.19
NDUFB7	-0.175
CEP44	1.765
NDUFB5	2.26
NDUFB4	0.71
CEP41	-3.21
NDUFB2	0.015
	1.445
SMARCAL1	-0.495
DCUN1D2	-2.55
DCUN1D3	0.83
	1.275
DCUN1D5	-1.66
	-1.93
	0.83
	0.97
	-1.86
	0.85
	0.525
SIL1	0.14
MORC1	-1.11
RUFY4	1.59
MAP1S	-1.42
MRPS17	1.4
MRPS16	-1.12
MRPS15	1.37
KCNN4	-1.255
KCNN3	0.47
	-0.4
MRPS11	-0.375
MRPS10	0.335
MEI1	-0.4
	1.605
	-1.0
RAB13	-1.54
	0.08
	0.87
	2.21
PLGRKT	-0.375
	0.995
	-1.39
	-0.92
	-1.52
DMXL1	0.08
	1.625
MSL1	-0.035
DDX49	-0.36
	1.51
	0.45
CTSV	1.52
	-0.5
CTSO	-0.525
DDX41	0.22
CTSA	-1.17
CTSB	-2.3
DDX42	-0.37
CTSD	-1.045
KIDINS220	-1.38
DDX47	-1.045
	-0.23
GPR179	0.83
ERO1LB	0.43
CTSZ	-0.185
	0.08
STK3	0.43
	0.83
EVI2A	0.03
GPR173	-1.24
EVI2B	0.44
	0.49
CTSW	0.74
CCT8L2	0.44
GANAB	-0.615
ATAD5	0.91
PRRT4	-3.53
MICALL2	-1.62
ATAD1	-0.8
	-0.76
ATAD2	1.265
FAN1	-0.36
MAPK3	0.34
MAPK1	0.27
MAPK6	1.41
MAPK7	-0.745
	-1.245
CORO2A	-0.78
MAPK9	-2.77
GABRA1	-0.43
	1.29
MRVI1	0.645
SAFB	-0.98
	0.51
	-1.22
	0.505
PTGES2	0.54
HOXC5	-1.99
KAT2B	-0.93
KAT2A	-0.545
DEDD	1.33
TRIM68	1.07
PCDHGB2	0.2
PCDHGB1	0.65
DGAT2	-0.33
PCDHGB6	0.77
FBLN2	-1.31
FBLN1	0.43
APTX	-1.0
MUL1	-0.24
SQLE	-2.55
TRIM66	-1.93
TRIM67	-0.485
	-0.44
SOCS4	1.78
SOCS7	0.65
TRNAU1AP	0.53
SOCS3	4.28
PARPBP	-0.01
	-1.07
DHRS7	-0.595
DHRS4	0.225
EIF2D	1.16
	-0.53
DHRS3	-1.87
EIF2A	0.395
DHRS1	1.03
	-2.46
	0.13
NEIL1	0.71
PPP1CB	0.155
	0.45
	-0.6
	-1.15
SYF2	0.035
	-1.475
	0.13
HEY1	-0.4
SMARCC2	0.495
SMARCC1	0.375
	-0.365
LAT2	0.19
GNA14	-1.14
GNA15	0.325
CGNL1	0.865
GNA13	0.705
	0.425
G3BP1	-0.205
	-0.25
CARKD	0.9
GFY	0.91
DHRSX	-0.425
	-0.05
CDKN1B	-1.79
TSEN54	1.48
	-0.3
NFKBIL1	-1.63
	-0.745
TXNIP	-1.08
	0.955
	1.06
	0.135
	1.335
ETV4	0.57
SCAI	-0.4
INCENP	0.035
	0.75
TEF	-0.985
CDS1	0.27
	1.225
	-0.18
	-1.07
KLC1	-0.8
KLC2	-0.25
KLC3	1.295
KLC4	0.79
NUCB2	-0.05
HSPA13	2.11
SBNO2	0.15
SBNO1	-0.01
	1.43
	0.665
ELL	-0.035
HSPA14	2.59
	1.19
ESCO1	0.33
	-0.67
	0.275
CDC7	1.11
	0.2
SMEK1	2.33
NOL8	0.34
FAM117A	-1.315
TPK1	-0.01
	-0.11
NOL7	-0.68
NOL6	0.325
FAM117B	2.925
	0.85
	-0.09
EFNB1	-2.42
IL1RL1	0.91
BRI3	1.165
	0.91
	-0.04
MST1	1.1
	1.69
	1.165
	1.31
MS4A6A	0.875
	1.41
	-0.225
	0.35
CLUAP1	-0.345
	0.77
	-2.02
POP5	-1.055
	-0.725
POMGNT1	-0.92
POP4	2.8
EBPL	-0.92
	-0.92
HSPA1A	-0.98
	-0.31
GDPD4	-1.54
GDPD5	-1.53
	-1.25
	-0.8
HSPA1L	-0.505
	-0.4
	0.355
	0.335
	0.4
	-1.31
RUNX3	0.01
SLC24A3	1.46
CATSPER4	1.41
C9orf84	-0.45
	-1.23
	0.09
CCL25	-0.43
	-1.56
	0.46
TMEM151A	-0.88
ICK	-1.54
	-0.5
	0.52
CNP	0.42
	0.2
AVIL	-0.75
	-0.37
C8orf82	-2.2
RSF1	0.32
	-1.22
E2F4	-0.665
PKMYT1	0.545
TEFM	2.24
CTNNBL1	-0.435
TG	-1.415
MPPE1	0.13
MAVS	-1.75
FCRL5	-0.26
C9orf114	0.58
MAP4K1	-0.305
MAP4K3	0.16
MAP4K2	0.3
MAP4K5	-0.56
MAP4K4	-1.0
	-0.815
	-1.54
	0.89
BCL10	0.295
EIF4G3	-0.675
SH2D2A	-0.76
FAM217A	-1.16
	0.49
TRIM6	1.41
EIF4G1	-1.275
	1.02
DTX4	-0.4
RASGEF1B	-0.13
BYSL	-0.25
DTX1	0.24
DTX2	-0.055
DTX3	-0.13
CCDC71L	-0.425
	1.13
HDLBP	-0.4
	-0.485
EIF5	0.16
EIF6	0.0
	0.33
	1.37
	1.88
	1.43
	-1.07
COCH	2.62
	-0.05
POLA2	-0.14
	0.855
PNPLA8	-1.52
	0.11
CYB5R2	0.525
CYB5R1	-0.53
	-0.115
	0.42
SH3D21	0.365
MYCBP	-0.88
RAPGEF4	-0.18
RAPGEF5	-0.225
RAPGEF6	0.125
MTSS1	0.75
	0.76
RAPGEF1	0.54
RAPGEF2	-1.605
	1.46
FOXC2	0.36
PRG3	0.9
BTF3L4	0.44
	1.38
	0.0
CHIC2	-2.84
RBM6	-0.975
RBM5	0.675
RBM4	0.635
RBM3	0.505
CNIH4	0.9
SCYL2	0.865
ADCK4	1.65
ADCK5	0.59
ADCK2	-0.14
ADCK3	1.75
	-0.555
FBXO22	0.79
FBXO21	0.35
SERPINF1	-1.0
MCAM	-3.07
FBXO25	-2.39
FBXO24	-0.5
NDE1	0.91
RPL36AL	1.265
PDGFB	-0.605
FBXO28	-0.09
SELP	1.2
ASF1B	-0.25
SP8	0.47
SP9	0.995
ZNF574	-0.06
COL5A3	0.01
	-0.44
SP1	-1.04
SP2	-0.545
SP3	-1.31
SP4	-0.35
PRPF40B	-0.15
SP6	0.47
ZNF579	0.325
	-2.29
	2.5
COL5A1	0.295
RNF219	-3.33
COL20A1	1.07
SLAMF7	-0.39
SLAMF6	-1.36
RNF217	0.4
RNF216	-0.04
PXMP4	0.03
	-0.025
SLAMF1	0.19
	0.12
	1.63
	-2.58
	0.555
	0.36
	0.16
	0.625
	-0.8
	2.01
RBMX	-0.72
MRS2	0.59
TRPM8	0.41
PSMB3	-0.26
	0.03
TRPM4	1.455
	1.205
TRPM6	1.9
TRPM7	1.095
	0.43
TRPM1	-0.645
TRPM2	-1.77
TRPM3	0.42
	0.205
GBF1	0.995
SPR	-0.08
HLX	0.745
GSE1	-0.285
CREB3L3	1.41
SPN	-0.86
RABGAP1	0.105
KIAA0556	-0.44
	0.59
	-0.155
ASL	1.0
	0.325
ASNSD1	1.58
FAM35A	0.505
IFNAR2	-1.395
ZNF106	-1.08
IFNAR1	0.79
PRMT1	-1.015
	1.13
	0.77
	0.98
GPRC5C	-2.9
GPRC5B	-0.6
	0.11
	-0.91
ADRM1	-0.135
RLF	0.015
	2.27
CTTN	-0.42
H2BFM	0.2
ABT1	-0.07
	-0.23
	0.43
	-0.67
	0.73
	1.26
	1.43
ECHDC3	-1.19
	0.08
	0.83
DENND2A	0.165
DENND2D	-0.66
	-1.94
	-0.7
ARRB1	-0.45
	-0.85
	0.515
	-0.5
ZNF705A	-2.08
PMM2	0.54
PMM1	0.76
SEPT11	1.27
SEPT10	0.42
SEC61A2	1.72
LDHC	-0.4
GMEB1	0.75
	0.04
	-0.01
	0.13
	0.76
YARS2	0.335
RBMS1	0.81
RBMS3	2.4
RBMS2	-0.015
JAG2	0.01
	-0.28
JAG1	0.67
ALDH1L1	-1.0
CHST11	0.12
CHST10	-3.33
CHST12	-0.69
CHST15	0.935
CHST14	0.5
TMC5	-0.325
BACH2	0.56
BACH1	-0.33
MYL10	-1.0
ARCN1	-0.145
PTGER1	0.485
BCCIP	-1.61
	-0.4
	0.73
SRD5A3	1.47
MCRS1	1.03
UGGT2	-0.5
	-0.88
UGGT1	-0.91
	-2.2
	0.565
FAM89B	-0.455
HAP1	-0.33
	1.685
KIAA0430	0.005
	0.875
MKNK2	-0.415
	0.2
MKNK1	-1.22
	0.56
	0.4
PNN	0.305
ZNF394	-0.54
ZNF496	-0.08
TRPC4AP	-1.32
LRRC8D	1.49
MOV10	1.365
MATR3	-1.97
LRRC8C	0.145
LRRC8B	0.9
RPE65	-1.0
RREB1	-0.595
HLA-DQA1	-0.545
RIT1	-0.335
NTPCR	-0.32
PLEKHD1	0.77
CXCL16	1.46
SLC47A1	1.41
	0.65
TRIM56	-1.505
	0.98
EARS2	0.19
	1.41
	-0.08
	-2.02
TIFA	3.09
	-1.28
	2.865
FBXO3	-0.59
FBXO4	0.415
FBXO5	0.16
FBXO6	0.04
FBXO7	-1.65
FBXO9	-0.485
SWAP70	0.25
MROH6	1.5
MROH1	-0.51
SSBP4	-0.3
RTF1	-0.765
CAPNS1	-0.84
LRRC23	0.55
VRTN	-0.43
	0.45
	-1.51
AR	-2.14
MRPL28	1.635
TERF2	0.05
PLA2G7	-1.42
NFAM1	-4.95
TERF1	-0.81
PLA2G3	-0.015
	-0.18
PANK4	-0.525
	0.06
	1.64
	1.93
	-1.31
LIMK2	0.51
LIMK1	0.72
RAB3D	-0.26
NAE1	-0.1
	-1.39
EFHD2	1.305
	0.42
GALC	-3.6
CBLN2	2.27
RAB11A	1.92
OSBPL8	-0.03
OSBPL9	-0.03
CFDP1	-0.43
OSBPL2	1.93
OSBPL3	2.15
	-2.18
ZNF746	0.58
OSBPL6	-1.14
	1.55
	0.615
OSBPL5	0.675
RAB37	-0.99
CBLB	-0.15
RAB35	-1.84
RAB34	-1.92
RAB32	-2.77
RAB31	-0.405
YIPF6	-1.855
MPST	0.41
RAB38	-0.88
	0.08
SPOCK2	-1.47
FILIP1	1.255
SAPCD2	0.81
TSPO	-0.12
HAPLN2	-0.38
	0.845
APMAP	-0.415
	-0.125
	-1.19
SLC22A16	-0.38
SLC22A17	1.6
SLC22A14	-1.18
SLC22A13	-0.43
MFHAS1	-1.95
TNFAIP2	0.585
	0.85
	-0.88
	0.38
SLC25A44	0.37
WHSC1	0.62
	-1.24
	0.64
	0.45
NTAN1	0.575
SOX1	2.015
MTRF1L	0.135
ACTC1	-1.84
TDP2	-0.385
MYO18A	-0.59
	1.23
CA11	-2.96
KIF28P	1.11
	0.115
AKIP1	-0.83
	-0.435
POLA1	0.11
CEP68	-0.52
ARV1	-0.47
ATOX1	-0.155
	-1.86
ALDH3A2	-0.655
	0.61
ANAPC16	-1.01
	-0.22
	0.995
	1.37
C11orf84	-0.45
DOT1L	-0.905
	0.355
	-1.31
ARHGEF10	0.185
FAM98B	-0.905
ARHGEF12	-0.835
	-1.96
ARHGEF15	0.165
ARHGEF16	-1.92
ARHGEF17	0.495
ARHGEF18	-0.68
ARHGEF19	0.14
ENPP5	-0.38
ENPP2	-0.78
	-0.73
	-0.6
	-0.43
PJA1	-1.155
PJA2	-1.14
ZBTB7B	-0.26
ELFN1	1.41
ELFN2	0.66
RAB8B	0.625
ATP6V1F	1.06
ATP6V1A	-0.2
KIAA0319L	-1.84
	-1.07
PRR5	1.055
	0.95
	-1.65
DDX60	0.45
	-0.435
PRR7	-0.43
IMMT	0.045
JTB	-1.52
GPR153	-0.555
NUP188	0.42
	-2.46
	-0.01
GPR157	-0.44
	0.74
	1.41
	0.56
ANAPC13	0.17
	0.12
	1.32
	0.1
KIAA0232	-1.28
RPS24	-0.005
PCID2	1.03
USPL1	1.84
	0.95
TCTN3	-0.26
	0.91
HOXA4	3.425
SH3PXD2B	0.59
PDPK1	1.67
REEP3	0.07
SH3PXD2A	-0.62
	2.11
REEP4	2.1
TATDN3	-3.6
CRKL	1.36
KIAA1217	0.265
	0.51
	0.02
	-0.91
KCNA6	0.19
	-1.21
GTPBP6	-1.28
RFNG	1.815
IFT122	1.63
	1.86
STAU1	0.005
	2.685
	-0.865
HEG1	-0.535
	0.85
GTPBP2	0.43
DMBT1	0.21
FAM222B	-0.71
SAMD5	1.37
BIN1	-1.21
NPC1L1	-1.18
BIN3	-0.66
BIN2	-0.77
C2CD4A	-2.55
	-2.02
LTB4R	1.9
CRISP1	-1.19
	2.06
PDCD10	-0.04
KREMEN2	0.4
KREMEN1	0.17
XBP1	0.04
PACS1	-0.32
PACS2	0.01
	1.2
ZC3H7B	0.015
	1.12
MYLK	0.7
ADAMTS20	-1.14
REV1	-1.38
	0.01
DNAH14	1.105
DNAH17	-0.875
DNAH10	-0.57
TBL1XR1	1.96
DNAH12	0.07
	-0.335
	0.02
AGAP1	-2.41
AGAP2	0.615
	-0.05
	-0.155
TBC1D8B	0.575
ZWILCH	1.17
HTATIP2	0.42
DNAH2	0.15
	-0.01
	-2.96
SIRPA	-4.055
DNAH3	0.25
	-0.8
BRK1	1.1
	-0.39
DNAH1	1.7
DUSP9	0.05
DUSP8	-1.52
	-0.055
DUSP5	0.61
ASCC2	0.88
DUSP7	-0.88
DUSP6	-0.97
DUSP1	0.275
	-0.64
	0.055
DUSP2	-0.21
WDR26	-1.22
	-0.54
RPL8	-0.72
MFGE8	-0.565
	-2.64
	-1.02
DNAH5	0.04
SYT11	-1.225
IRAK1BP1	1.11
	0.13
WDR25	-1.56
	-0.01
	-0.255
	0.85
	0.865
RPL4	0.03
	0.705
	0.475
RPL5	-0.35
ACYP1	0.645
RINL	0.075
	-0.505
	0.95
RPL3	-0.54
	0.275
	-1.22
	-0.63
GLIPR1L2	1.825
	0.08
	-1.28
	-0.425
	0.405
GPER1	-1.24
DLGAP3	-2.92
DLGAP1	0.87
CC2D1A	-0.03
DLGAP4	0.68
CC2D1B	-0.355
	0.13
	0.94
HSCB	-0.9
	-1.24
ITFG1	-0.115
ACER3	0.85
XAF1	1.125
CNKSR1	-2.18
COA7	0.91
	-0.09
COA3	2.48
	0.615
	0.85
	-0.37
APOE	-2.005
PAK1IP1	-0.595
VWCE	-0.32
TARS	1.96
UBR2	-0.67
ACTB	0.03
TAF5L	0.715
MID2	0.49
MATK	0.13
UBR5	-0.335
UBR4	-0.175
HSPA12B	0.91
RGS12	0.37
RAD21	0.91
PSD	0.505
	-0.44
HSPA12A	-2.32
	0.735
	0.47
EIF2S1	-0.255
FAM219B	0.235
FAM219A	0.61
EIF2S2	0.3
MIDN	0.415
	0.92
	-1.17
	-1.255
	1.975
ACKR2	2.02
	0.805
DSN1	-1.52
	-1.18
ATG2A	-0.955
	0.73
YARS	-1.405
PIBF1	-0.015
CANT1	-0.095
	-2.18
FREM2	-0.62
	-1.07
ACTL7B	0.4
MGRN1	0.195
TGFBRAP1	0.3
	-0.6
FOXQ1	1.73
UXT	0.99
AUTS2	1.53
	1.23
SLC25A3	-0.805
	-1.19
POLG2	-1.87
SCCPDH	-0.38
	0.11
SLC25A4	0.295
CACNG8	2.035
	0.37
	2.39
C1orf174	1.27
TRMT44	-0.06
LAMC2	-0.9
	0.96
	1.57
FTH1	-0.6
	0.9
	-1.85
COLGALT2	-1.12
	0.93
	-1.5
DDX26B	-0.005
RAC3	1.55
RAC1	-0.91
CD96	0.98
ATP6V1E1	0.57
CD93	2.6
ORAI3	1.05
ANGPTL6	-0.9
ANGPTL4	-3.33
	0.08
ANGPTL2	-0.62
	0.625
GK	-1.94
	0.81
CD68	-2.43
C11orf58	1.85
	1.095
ZNF48	-2.28
ATCAY	-1.18
	0.425
TDG	0.51
REV3L	-0.115
	0.125
EID2	-0.585
EID3	0.705
EID1	-1.03
PYCR2	0.32
PYCR1	1.13
NMI	3.89
	0.0
LY6E	0.145
LY6D	0.69
C11orf68	0.29
CNTN4	1.59
	2.155
NFE2L3	1.13
	-1.455
LAP3	-1.6
SRI	1.27
AGBL5	-1.55
SRL	1.35
SRM	1.37
SRR	0.03
	1.48
	0.4
GNPAT	0.32
OPN3	-1.645
ASRGL1	-0.275
RASGRP2	-0.94
RASGRP3	-1.365
KIAA1147	1.015
RASGRP1	0.395
RASGRP4	0.54
PYCRL	-0.25
SPIRE1	0.68
SPIRE2	-2.96
CRYL1	-0.51
FLRT1	-0.145
KCNG1	0.57
GPR137C	1.55
GPR137B	1.94
	-1.24
	-0.33
EMC10	0.465
KIF13A	1.03
KIF13B	1.3
	-0.5
	-0.71
	0.03
ZNF169	0.01
LOX	0.11
	-0.245
SDHD	0.98
	1.0
CSGALNACT2	0.93
	-0.04
ZFP36	0.13
TXNL4A	-0.11
	1.43
TLE3	-1.435
	0.51
	-1.56
TLE2	0.08
RPS4Y1	0.025
	-0.38
	-0.845
	0.41
SFRP2	0.495
PTGFRN	-1.375
SFRP1	-1.28
LEPROT	1.065
DYRK2	0.505
ETAA1	-0.91
	-0.03
APLP1	1.46
ANKS1A	-1.56
	-0.775
ANKS3	0.39
	-0.685
ANKS6	-2.75
ATP6V0D2	0.61
OR4A16	-0.33
TLE4	-0.27
HPGDS	1.71
TMEM86B	0.1
	-0.43
THEMIS	-0.19
	-0.365
GRK6	-0.55
GRK5	0.38
	-1.365
	-0.56
ANKH	-0.01
	1.44
ATP9B	-1.53
ATP9A	0.41
TADA2A	0.51
DCTN2	-0.48
DCTN3	0.825
	-2.19
DCTN1	-0.515
DCTN6	-0.58
TADA2B	1.575
DCTN4	0.12
DCTN5	0.075
DHDDS	-0.09
ZNRF1	-0.37
	0.43
ZNRF2	0.195
SLC38A10	1.005
OR5B21	0.465
APOL2	0.57
	1.48
	0.5
	0.5
SLC45A1	-0.03
	0.8
	1.46
	-1.19
GLRB	-2.08
C8A	-0.5
PDDC1	1.42
SHISA5	-0.355
ATXN10	3.12
	-1.005
ILK	-1.065
	0.625
TLR7	-2.405
	0.425
C1orf52	-0.025
PLEKHF1	0.57
TLR4	0.91
ZNF839	0.47
	1.945
	2.34
ZNF831	-0.23
ZNF830	0.7
FERMT3	0.035
TRMT2B	-1.79
	-0.5
	-1.4
	-0.6
	-0.215
	-0.115
	-0.225
	-0.88
	1.065
	1.12
TLR9	-0.865
	-0.04
CD1D	-0.325
STK17B	-0.345
	-0.88
BICD2	-0.425
ETS2	-0.54
	-1.08
ETS1	-1.58
	0.93
SUV420H1	-0.835
SUV420H2	1.13
	0.085
SEC22C	0.5
SEC22B	-2.24
SEC22A	-1.89
PTPN18	1.905
PTPN13	-0.555
TTC38	-0.26
P4HB	0.17
TRAK1	-0.94
PTPN14	-0.365
	0.57
	0.4
	0.18
	-1.175
UBE2D2	0.37
CDIP1	0.37
ZFAND2B	-0.18
ZFAND2A	-1.89
TASP1	1.97
MPG	-0.72
ITGB3	0.35
ITGB2	-1.265
ITGB5	-2.715
ITGB4	0.415
ITGB7	-0.805
PIGG	0.73
TSR1	-0.01
MPO	5.885
TSR3	0.6
TSR2	1.03
PIGL	-2.19
MMS22L	0.375
PIGN	-1.39
MPI	1.08
PIGP	-1.31
PIGQ	1.14
	0.7
CAPRIN2	-0.83
PIGU	-0.005
PIGV	0.62
CAPRIN1	-1.26
PIGX	1.17
OPTN	0.41
	1.41
MPZ	-0.16
	0.06
ZNF764	-0.6
	1.44
GNL3L	0.075
ADAMTS9	0.37
	3.44
	0.49
TMX4	-1.055
TMX1	-1.54
	-0.38
TMX3	-0.25
TMX2	-1.01
	0.54
	0.87
ARL13B	-0.39
	-0.01
	1.695
BTF3	-0.495
PPP2CA	-0.875
PPP2CB	2.19
KITLG	0.43
	1.42
	0.33
MYO10	-2.1
NAGK	0.365
HEPACAM	-0.31
	-0.91
LLGL2	-0.585
MBOAT7	-1.245
	-0.43
LLGL1	-0.555
PCDHGA10	0.12
PCDHGA11	0.1
PCDHGA12	0.63
	0.51
COBL	1.19
NEUROG2	0.96
	0.69
	1.475
	-0.535
	-0.25
	0.625
RCCD1	-0.42
ACE	-0.18
	-0.88
	0.95
	1.225
	-1.85
XYLT2	-0.835
OBFC1	-0.25
	1.41
XYLT1	-0.235
PGLYRP2	-0.43
PGLYRP1	0.9
	-1.92
CBLL1	-0.35
	-0.575
	1.37
KDELR2	0.93
KDELR3	-0.37
OFD1	0.035
FCGRT	-2.26
	1.4
	1.35
	0.38
	-0.74
RAB11FIP2	1.13
RAB11FIP1	-0.555
DNMT1	-0.315
	-0.995
LRIG2	-0.495
RAB11FIP5	0.76
	-0.17
MORC2	-1.32
	-1.65
	0.08
	-0.33
	0.465
	-0.555
	0.36
	0.455
THYN1	0.4
TAB2	1.89
DPYSL3	-0.01
	0.52
ARHGEF37	0.16
SLITRK3	-1.005
	0.44
	2.45
	0.625
	-0.38
	0.11
	0.415
ARHGEF39	0.4
AGO2	0.62
	1.41
PPP3CA	-0.06
PPP3CB	1.085
PPP3CC	0.61
FCGR2A	-0.64
HSPA9	0.15
FCGR1A	-1.025
	1.51
	4.59
	-1.53
CDYL2	-0.88
	1.93
NCLN	-0.365
	-1.24
ARFRP1	-0.82
IL18	-0.935
AP1AR	0.55
PTBP3	0.685
USH1C	0.02
PTBP1	-0.51
PLAT	0.54
FBXL21	-0.43
	0.17
CHCHD3	0.975
	-1.44
CHCHD1	2.22
FUNDC1	-1.63
	0.535
CHCHD4	0.34
CHCHD5	1.12
EPHA6	0.21
LEKR1	-1.44
RPP30	-1.54
LMO4	-0.155
EPHA2	-1.44
CHMP7	-0.355
ASB18	1.29
FAM83H	-1.26
TMEM45A	-0.37
PBXIP1	0.07
GCLM	0.67
	0.54
DNAJB14	0.49
GCLC	0.16
ALDH2	-0.705
	0.06
FAM83C	0.37
GRAP2	-1.51
	-0.86
	3.17
FAM105A	-0.86
	0.07
BATF2	0.5
BATF3	-0.44
	2.69
	0.61
PLAA	-0.4
	-0.545
	0.055
IFT140	-0.91
PARVA	0.91
TRIM28	-0.87
TRIM24	-0.01
	0.4
TRIM26	0.195
ST8SIA4	1.39
TANC1	-0.885
TRIM21	0.49
ST8SIA1	-1.8
TRIM23	0.84
ITPKA	4.145
FABP4	1.13
CDC42BPG	0.02
FOXL2	-0.285
	-0.53
FOXL1	-0.5
SART3	-0.465
SART1	-0.905
ADAD2	-1.14
STON2	-1.4
TTC5	-0.48
TTC4	-0.01
TTC7A	-0.785
	0.91
TTC1	0.135
RPL7L1	-0.305
NELFCD	-0.665
	-1.18
	-0.325
	-1.94
TTC8	-0.03
	-1.31
SUCLG2	-1.675
SUCLG1	1.04
	-0.755
MYO1A	-0.37
MRPL13	-0.355
	-1.99
MOCS2	-1.54
	0.04
GATAD2A	-0.205
THNSL2	-2.38
VGLL4	-0.185
VAMP1	1.36
ATRNL1	0.205
NUP50	-0.865
RAVER1	0.395
RAVER2	3.15
NUP54	-0.56
EMB	-0.83
ATL3	0.305
ATL2	0.46
LDLRAP1	-1.79
PXDC1	0.585
EFEMP2	1.74
PDZD8	0.87
LATS2	-0.225
	0.83
ZNF316	-0.805
	1.15
PEX26	-0.02
	-1.18
	0.03
C12orf43	0.05
ANXA2	0.59
	1.31
DSCC1	-0.4
	0.155
RUVBL2	0.11
FARP2	0.22
RPL28	0.295
	0.91
FARP1	1.145
MMP17	2.07
	-0.475
RPL27	-0.42
RPL26	-0.47
JRK	0.4
	-2.48
RPL22	-1.14
	1.09
	1.48
BCAR3	-1.005
SORL1	-0.555
WDR90	1.49
STRN4	-0.65
	0.16
STRN3	-0.815
	1.28
ATP13A1	-0.225
TOM1	1.15
ATP13A3	0.14
ATP13A2	-2.685
PMVK	-2.32
	-0.055
	1.1
	0.525
	-2.67
	3.19
	2.24
	1.325
RANBP10	0.025
	-1.39
	0.82
RANBP17	-0.53
SCUBE2	-1.24
SCUBE1	1.84
	0.77
PKD2	-0.885
PKD1	-0.84
CRTC2	-2.225
	0.42
GPX1	-0.105
GPX3	-2.23
CTRB2	-0.145
GPX4	0.725
GPX7	-1.18
UNC50	0.84
PPP1R7	0.41
THEM5	0.66
	0.0
SPG7	0.33
UBE3B	0.06
UBE3C	0.825
	-1.19
UBE3A	-1.04
UQCRQ	2.81
HSPD1	-0.625
	0.49
UQCRHL	2.94
	0.54
	-2.19
UQCRB	1.855
RMI1	0.505
	0.05
CUTA	2.265
COL10A1	-0.505
METTL9	-1.85
	0.93
CEP170	-0.695
	-0.465
METTL2A	0.27
UNC5A	1.3
METTL4	0.91
METTL6	1.56
PHF3	-0.245
FASTK	-1.23
	-0.43
	-0.99
CCAR1	0.4
CCAR2	0.265
PHF1	-0.62
	1.48
	1.165
UBP1	1.18
RAB27A	-1.885
COG8	0.13
AVEN	-0.73
	-0.535
PTRHD1	0.54
COG3	0.04
COG2	-0.04
	-1.18
SZRD1	0.62
COG7	-0.075
COG6	-0.71
COG5	0.22
COG4	0.955
SC5D	-1.54
ACTBL2	0.18
YAP1	-0.81
	0.955
	-0.4
RAB18	-1.005
	0.01
	-0.75
	-0.69
	-0.37
	1.19
	0.195
COQ2	0.4
	0.42
LSM5	0.345
TPD52L2	0.84
PM20D2	1.84
	-0.615
	0.18
TAP1	0.355
UBAP2	0.65
	-0.63
TAP2	-0.09
	-1.39
	0.54
	0.66
	-1.12
GOT2	-0.73
	0.4
POLE4	-1.23
POLE3	1.36
POLE2	1.01
	0.745
EPS8L1	-0.605
	0.24
	-0.31
	0.635
SOS2	0.14
	-0.56
LAMA1	0.175
LAMA2	-1.45
GOT1	-0.645
	-0.585
SOS1	0.67
	-0.4
	0.45
SIKE1	0.01
	-0.325
GNG10	0.815
KATNA1	0.24
	-0.38
PTPN6	-0.27
UTRN	-0.255
ARHGAP11A	0.1
ALS2	-0.93
CLPTM1L	-0.05
	-0.665
SASH1	-1.665
MIEN1	0.13
	-1.19
HPSE	0.94
	-1.14
	-0.88
NYNRIN	1.05
ST5	1.3
GOLIM4	0.53
ST7	0.81
MIPOL1	1.62
P2RX5	-2.55
P2RX4	-0.215
PSKH1	2.21
KLF13	0.145
KLF12	0.875
KLF11	0.36
KLF10	1.385
	0.41
PAQR8	-0.33
	0.755
	-0.5
TFG	0.66
ZNF536	1.01
	0.9
MPHOSPH6	1.025
	0.165
	0.51
KCTD3	1.995
PRCC	-0.92
DTL	-0.39
PHB2	-0.465
	-0.915
	0.39
KCTD1	0.38
	-0.09
HPS5	-0.89
HPS4	-0.105
HPS6	0.48
HPS1	0.4
WDFY2	1.72
HPS3	-0.65
	0.55
LAMTOR4	-1.22
LAMTOR5	3.94
LAMTOR1	-0.675
LAMTOR2	0.02
	-1.03
	1.96
KCTD5	1.4
FAM133B	0.155
ADIPOR2	-1.16
	-1.57
	-0.025
SERPINB6	-1.52
	-0.88
	-0.38
	0.285
CBS	1.32
HES6	-1.84
FAM199X	0.225
PLA2G12B	-1.18
HES7	0.575
KCTD9	-2.17
FGF20	-1.19
SNF8	0.915
	-1.18
KCTD8	1.015
	-0.44
	0.315
UCK1	-0.38
UCK2	0.665
	0.905
	-1.82
APEX1	-0.25
	1.75
	-2.58
TMEM194B	-0.44
TMEM176A	0.545
	0.0
ALDH1B1	0.285
	-0.8
	-0.6
ZNF358	-0.38
PUS7L	0.21
SOAT1	0.885
	0.37
	-0.39
ZBED6	1.345
COX20	2.69
CDCA7	0.925
C17orf49	1.16
	-0.03
LDLR	-1.25
ILVBL	1.37
TTC14	0.615
	0.695
	0.215
	-1.18
	-0.51
	-0.6
CSTF1	-0.065
LEFTY2	-1.39
PPTC7	-1.1
	0.1
SLC7A6OS	0.03
CCDC110	-1.39
RNASEH2A	0.72
KBTBD7	-0.865
	-0.4
KBTBD4	-0.925
KBTBD3	0.42
	-1.11
GZMM	-1.24
VHL	1.32
PIP4K2A	0.57
RNASEH2B	-0.88
MGLL	0.465
AKT2	0.775
SH3D19	1.48
	-1.79
PRELID1	-0.195
	-0.935
	-0.855
RCE1	1.71
ATP7A	-0.63
RSAD2	0.715
RSAD1	-0.53
ATP7B	0.4
	0.46
ZNRD1	2.4
SLC8B1	-1.21
ADORA2A	-0.56
	0.76
	-0.635
BCLAF1	0.71
PTGES3	-0.15
GPD1L	0.595
IP6K2	0.6
IP6K1	-0.72
	0.395
	-0.48
	1.565
NME7	-2.86
	-2.42
NME1	-0.925
	1.345
NME3	0.125
	0.21
	-0.23
ARPC5L	1.56
	-0.72
TMEM154	-0.88
TMEM156	-1.49
	-1.28
	0.54
HSD11B1	0.93
TMEM158	0.51
	-1.135
	-0.605
PGRMC2	1.2
PGRMC1	-1.005
	-0.38
OAS3	1.815
	0.515
APBB1IP	0.305
GRXCR2	-1.44
HID1	0.03
	-1.39
CTBP2	1.875
	1.06
CDK5R1	-1.08
	-1.93
	-1.11
CDK5R2	-0.66
	-0.245
BLVRA	0.96
SLC46A3	0.5
CARNS1	1.99
SLC46A1	-1.93
ZDHHC1	0.51
ZDHHC3	1.38
ZDHHC5	0.865
ZDHHC7	-0.71
ZDHHC6	0.46
ZDHHC9	-0.01
ZDHHC8	-0.035
HDHD2	1.55
SCN10A	1.185
TLX3	1.22
RAP1GDS1	-1.3
TRDMT1	0.57
CST6	-0.33
	-0.25
	0.12
	0.13
FUBP1	0.14
USMG5	1.23
PDCD5	0.73
GTF2F2	1.12
	-1.62
	0.14
	-0.53
SLU7	0.05
	-0.8
	-0.38
	-0.59
GZMK	2.1
AP4B1	0.71
NOX4	-1.18
	-1.24
	-1.765
	-1.02
RBL2	0.815
	0.58
MLEC	0.105
	5.76
	-2.14
NDUFB6	-0.555
	-0.4
CASD1	0.865
HIVEP1	-0.685
HIVEP2	0.175
DONSON	-0.84
	0.145
ZNF703	-1.415
	0.04
ZNF704	1.285
ZNF707	0.22
ABHD15	-2.055
SUFU	0.715
ABHD10	-0.345
ABHD11	0.43
ABHD12	-1.205
ABHD13	-1.1
	-0.16
	-1.215
	-2.58
CCT8	0.025
RTEL1	1.38
CCT2	-1.135
CCT3	-1.43
	-1.56
CCT7	-0.83
CCT4	0.34
CCT5	-0.18
NUP62	0.23
IL3RA	-1.22
PROM2	0.09
PROM1	-2.215
DEPDC5	0.955
	-1.155
	-1.035
NHEJ1	-2.065
CREBZF	-0.34
PTPN12	0.93
BRSK1	1.77
PDIA2	0.965
DISC1	-0.385
PPP1R8	0.04
FAM129A	-0.33
ARPC5	-1.535
	0.58
	-1.28
	-1.44
ARPC4	-1.015
	0.995
KIAA1755	0.47
	-0.615
PTPN11	-0.85
	-2.52
	-1.19
	0.04
	-0.32
	-0.88
	-1.14
	0.83
NOTCH2	-0.71
NOTCH3	0.885
SKIV2L	-0.1
BPHL	-0.42
	-0.88
	0.815
	0.02
	-0.36
	1.945
	0.835
	-0.43
	-1.99
VAMP5	0.35
VAMP7	-0.37
SYNCRIP	0.28
	-0.635
VAMP8	0.75
AMER2	0.42
	-1.16
CELA3B	-0.125
CERK	-0.915
	-1.02
	0.005
TMEM110-MUSTN1	-0.895
C17orf62	-1.28
GIMAP8	-0.81
	2.94
	-0.075
ITPR3	0.02
GIMAP4	-0.33
	-0.635
GIMAP6	-0.47
GIMAP7	-0.61
	1.33
GIMAP1	-0.96
	-0.015
	0.025
DUSP11	0.45
SEC14L1	-0.74
MARCH7	0.135
SEC14L5	0.13
	1.02
TOR1B	-0.08
	-0.93
	-0.785
	1.37
SKIDA1	-0.58
DUSP12	1.38
SCARA5	0.47
MTF2	1.1
MYL12A	-0.925
MYL12B	-1.185
	-1.02
VPS25	-0.29
E4F1	0.965
MARCH2	1.36
	-1.54
	-1.89
MCM7	0.8
MCM6	-0.76
	-0.015
	-0.66
	-0.275
MCM2	0.18
C20orf196	0.83
FADD	-2.16
COX7B	-0.28
	2.21
MCM9	0.36
MCM8	0.715
CECR2	0.145
CECR5	1.27
	0.85
	-0.01
	-1.22
	0.915
	1.41
	0.93
NXT1	2.22
	0.465
TMEM30A	0.22
TMEM30B	0.075
COL2A1	-0.015
MRPS12	2.9
DALRD3	-0.415
GABRG1	0.82
KIAA1841	-0.38
SP110	1.83
FAM107B	-0.48
SCN1A	0.835
	-0.865
	1.19
	0.655
MEPCE	0.005
	0.255
CBFA2T2	0.035
CROT	-1.74
	0.335
	-0.275
	1.13
TAB3	0.57
RNF114	0.24
RNF115	-0.91
RNF112	0.51
	-1.56
	-1.85
RNF214	-0.29
	-0.42
	0.955
FOXN2	-2.06
	0.93
PCMTD2	-0.085
VPS29	0.04
GFER	-1.105
PCMTD1	0.54
CHORDC1	-2.04
	-0.825
NAA40	0.02
ERCC5	0.175
	0.21
FBXL12	-0.345
ATN1	-0.085
FBXL14	-1.66
FBXL17	-0.03
FBXL16	-0.37
FBXL19	3.335
FBXL18	0.485
	0.035
	0.85
ASH1L	1.325
ZNF286A	-0.8
ZNF287	0.82
	-1.87
ZNF281	-0.4
ZNF282	-0.915
KATNB1	1.55
	1.185
NUP37	1.11
GLTSCR1	-0.215
NDFIP2	0.545
NDFIP1	-1.185
IGSF23	1.76
	0.005
GORAB	0.09
	1.76
SLFNL1	-1.11
	0.35
PTK2	-2.14
LGSN	-2.16
PTK7	0.245
PTK6	-1.07
	1.895
GLOD4	0.21
	1.43
CD2AP	-1.215
	-0.38
COL27A1	0.615
	0.385
HECA	-0.215
PYGL	-1.06
PYGM	-3.18
PFAS	0.625
FRRS1	0.61
	-1.07
GRAMD3	0.23
GRAMD2	-0.37
GRAMD4	-0.115
OPA3	-1.93
	-0.71
PDAP1	0.235
HACE1	-0.91
	-1.82
	-0.38
	0.195
ADCY5	-0.31
DGAT1	-2.63
	-1.025
MADD	-0.73
BAHD1	-1.015
SPEN	-0.78
TBCCD1	1.12
	-1.21
	-0.56
SPEG	1.02
KDM8	-1.44
SBK1	-0.36
	-0.71
	-0.655
MSR1	-0.915
CDKN2C	0.91
MAT2A	-0.325
ORMDL3	0.81
MAT2B	1.44
FKBPL	1.35
UNC79	0.17
PPP1R2	0.77
GEMIN7	-1.22
GEMIN4	1.225
GEMIN5	-0.84
SPPL3	0.51
	-2.68
	-2.27
GRIN2D	0.225
SPSB3	0.03
SPSB2	0.65
SPSB1	1.81
SPTSSA	2.84
FAM189A2	-0.115
CMSS1	-1.82
PHF14	-0.84
CTSH	-1.115
	1.51
PHF10	-0.55
PHF12	-0.57
PHF13	-0.56
ADCY8	2.89
CAMTA1	1.475
TMEM120B	0.065
PHF19	-1.31
BGN	0.815
CPE	-0.14
MOSPD3	0.035
MOSPD2	-0.325
	-1.11
	0.35
	-0.8
CSRP1	0.12
	-1.57
	1.655
	0.16
MPDZ	-0.08
	1.55
HIST3H2BB	0.53
	0.76
CEP152	0.905
HIST1H3F	0.41
	-0.3
TCFL5	0.185
	1.085
	-0.03
FKBP4	-0.455
FKBP5	-0.17
LURAP1	0.4
FKBP2	-0.37
FKBP3	0.16
NRDE2	-0.045
	-2.46
FKBP8	-0.29
DDX43	0.13
PDHX	1.43
GCH1	0.35
WASF1	1.51
WASF2	-0.385
TRAPPC8	0.005
	0.98
RSC1A1	0.91
SRGAP3	2.11
CTSE	2.48
PSAT1	-0.37
LOC100653515	-0.02
	1.895
PBRM1	-0.38
TAF9B	-0.44
PDHB	0.245
DDX46	0.06
NSMAF	0.355
GBGT1	-3.42
C2orf72	2.08
	0.165
	-0.91
ARPC2	-0.55
	-0.26
	-1.24
	1.575
NIPBL	-0.48
PRKCSH	-0.265
	-0.47
	-1.28
	0.845
C3	0.17
C2	-5.35
	1.23
	-2.02
C6	-3.34
MCUR1	-2.475
	1.16
	0.51
CCHCR1	-0.51
	1.26
	0.82
	-0.125
VCL	-0.32
	-0.305
	0.74
	-0.13
AP1S1	1.51
AP1S2	-3.07
	-0.53
	0.975
KRT222	1.32
	0.13
	0.835
CTSS	-0.46
	-0.98
TM9SF4	-0.72
AIM1L	0.515
	-1.465
INTU	1.93
FGFBP3	-0.86
CS	-0.175
	1.87
	1.7
GPR176	-1.14
SLC7A4	-1.93
CAPN2	-1.19
NOP9	0.475
NR3C2	-2.68
MID1	0.205
DZIP1L	0.235
LBX1	0.165
	-1.56
KCTD13	-1.12
CDCA2	3.76
CDCA3	-4.02
ZNF516	0.555
ZNF511	-0.38
ZNF512	-0.165
ZNF513	-1.03
	-0.17
CDCA8	2.29
CYP26C1	-1.39
	1.09
	1.555
	0.74
MYRIP	2.08
	-0.31
FZR1	-0.6
HIST1H2BF	-0.855
AMFR	-0.67
CD4	-0.6
MICALL1	-0.725
CD6	-0.4
	-0.01
CD2	-0.49
CD9	-1.09
MED29	1.27
MED28	1.9
MRM1	-0.82
CAP2	0.47
CEP128	0.405
MED21	-2.27
COL14A1	-4.82
MED23	-0.99
RASSF2	-1.95
MED25	-0.155
MED24	0.09
RASSF7	-0.43
NRAP	0.11
	0.53
DNM1	0.495
PRRT3	-1.31
	0.785
DNM2	-0.78
HOXD11	0.8
SPHK2	-0.37
TSKU	-1.24
	1.86
	1.145
	-1.93
BFSP2	0.005
	0.11
BFSP1	-1.18
DVL2	-1.415
DVL3	-1.23
DVL1	-0.815
	-0.01
CEP120	-0.59
UCHL5	0.4
	0.57
C19orf54	-2.38
ZC3HC1	-0.675
KLHDC10	-0.305
UCHL3	-0.01
	-1.07
MEAF6	-0.095
VOPP1	-2.4
	-0.45
	-2.45
CORO2B	-1.31
TMBIM6	0.26
TMBIM4	0.375
EPRS	0.045
TMBIM1	0.9
PRSS55	0.89
PRSS56	-0.24
PRSS50	-1.825
URGCP	0.205
C16orf70	-2.16
	0.87
	-2.19
KCP	-0.13
SLC17A6	0.4
PEF1	-0.365
NDUFAB1	-0.6
NUDT8	2.42
	0.79
NHLRC2	-0.64
	-1.86
GCN1L1	-1.135
SCAND1	-0.01
IST1	-0.33
CASKIN2	-0.13
	3.07
CASKIN1	0.54
CRIM1	-1.245
ZMPSTE24	-0.72
RCC1	-1.5
RCC2	-0.11
	0.91
	0.605
ARX	2.035
EML3	-0.67
EML6	-0.42
TPPP3	0.49
EML4	-0.335
EML5	-1.4
	0.795
ATP5J	-0.915
	1.015
ARC	-0.72
ATP5O	-0.7
ATP5L	2.63
ATP5B	0.23
PUS10	0.48
	-1.23
ATP5D	-0.65
DIS3L2	-0.2
	0.875
	1.12
TXLNG	-0.365
NME2	-0.31
CEPT1	0.13
TXLNA	-0.175
	0.165
	0.5
	-0.085
	-0.4
ZNF799	-1.87
	-1.54
	-2.32
	0.75
HSPBP1	-0.28
FCHSD2	1.49
	0.23
	0.54
CPEB4	-1.295
	-0.03
	1.225
RPA1	-0.52
CPEB3	-0.465
RPA2	0.06
PLK1	0.38
	0.49
	-1.18
	0.18
PROSER1	0.9
	-2.98
	1.185
TMEM173	-0.635
C2CD3	-0.42
	-1.05
IFT27	-0.31
IFT20	1.55
IMMP2L	0.44
	1.225
MRPL11	0.65
PLEKHJ1	-0.735
	-1.225
	-0.315
MRPL12	1.025
	-0.42
	0.49
SPINT1	0.995
	-1.035
	2.2
YIPF1	0.05
	1.05
YIPF3	-0.5
	-1.28
	0.94
YIPF4	1.06
	-0.17
	0.535
PCDHGB3	1.43
	-1.18
	0.87
	-2.8
PPT2	1.035
SYDE2	-0.595
TRIM65	0.47
SLC26A1	1.25
SLC26A2	1.7
SLC26A3	-1.24
SLC26A4	1.35
	-0.53
IER5	-1.115
HIST1H1D	1.09
SLC26A9	-1.65
MAGOH	-0.375
	0.285
HIST1H1C	0.965
SOCS5	1.22
	0.93
LIME1	3.61
	-0.91
	-1.62
FTSJ3	-0.33
FTSJ1	-0.595
	0.74
PRF1	-0.1
	0.685
	-1.39
	1.305
SKOR2	1.77
	0.29
	0.485
	-0.82
	1.975
	-0.56
SOCS2	1.69
CBR1	-1.63
CBR3	1.77
THOP1	0.38
	-1.22
	-1.385
AGPAT4	0.82
ABCA8	-2.86
	1.37
	0.475
KSR1	0.255
KSR2	0.03
	0.7
EXOC2	0.02
	0.0
SPTAN1	-0.31
EXOC1	0.145
EXOC6	-0.155
EXOC7	0.285
EXOC4	0.48
EXOC5	2.39
	0.395
	0.54
	-2.66
	-0.89
	0.08
	1.7
CCR2	-0.02
CCR3	-5.29
RRM2B	-0.89
CCR5	1.81
CCR6	0.91
CCR7	-0.015
CCR9	-3.63
UQCRFS1	-0.935
SLC25A37	-0.23
NFXL1	-0.39
	0.57
PRICKLE1	-0.91
PRICKLE2	-0.66
PRICKLE3	-0.845
	1.19
	-0.45
YTHDF2	0.86
C3orf33	0.09
RRAD	0.4
VCAN	-0.45
SNRPA1	-0.06
ISG15	0.745
	-1.39
DSC3	-0.42
	-0.265
RICTOR	0.755
RAF1	0.14
	0.48
	-0.6
DHX9	-0.04
ZFP28	-0.43
	-1.85
METAP1	0.56
METAP2	0.88
ZNF585A	-0.3
ZNF778	0.76
COTL1	-1.985
	1.54
	-1.87
	0.61
	-0.44
	-3.09
	2.01
	-0.43
	-1.86
	0.875
	0.67
NLGN2	2.035
	1.94
	1.7
	-1.46
WDR35	0.335
WDR37	-0.86
WDR36	1.0
PINX1	-1.205
WDR33	0.13
	0.11
PPIC	-1.54
MRPS18B	-0.4
	1.41
VWA8	-0.39
VWA7	-1.4
GMPPA	1.83
GMPPB	0.04
	0.42
	1.48
HUNK	-1.24
PTCH2	0.245
BCORL1	-0.52
	0.955
PTCH1	0.91
	-1.39
	1.37
ALDH1L2	0.57
TMEM201	0.59
	0.87
SDR42E1	-2.39
FAM69C	-1.89
FAM69A	2.01
NIPSNAP3A	1.85
	-1.39
PADI4	-2.28
PADI6	-1.86
WIZ	-0.505
SHARPIN	-0.055
FDPS	1.45
CD101	0.09
XPC	-0.215
CMPK1	-0.25
CMPK2	-0.215
C12orf50	-0.43
GPANK1	0.135
ATP6V0D1	1.75
	1.51
CENPO	0.57
SUDS3	0.245
TEN1	-1.54
	-0.99
CNOT6L	0.86
SUPT4H1	-0.995
	0.5
PELI2	0.51
C5orf51	0.845
	-2.4
	-2.58
	-2.63
	-1.52
BFAR	1.14
	-0.01
	-0.01
SMARCAD1	0.86
GNA12	-0.035
	-1.18
	-1.325
	0.83
SYMPK	-0.145
	0.53
APAF1	1.18
FAF1	1.22
BZRAP1	2.105
LRRN4	-1.53
LRRN3	0.84
IL12B	0.06
TIAM1	-1.12
TIAM2	0.24
	0.65
PPFIBP2	-0.855
ANKRD39	0.1
GTF3A	1.28
	0.155
	0.46
	-0.69
	0.85
ZNF7	-2.23
ZFP1	0.33
ZFP3	1.47
RNF130	-0.29
	-1.355
	0.665
RNF138	0.02
FOXH1	0.45
ITGB1BP1	1.4
APLF	0.58
PCK2	-1.005
RPP40	-1.31
	0.49
CHAMP1	-0.48
NBEAL2	-0.48
ICAM4	-1.93
RELT	0.02
TBC1D23	-0.505
	0.76
TBC1D20	0.28
RELN	-0.31
TBC1D25	-0.22
TBC1D24	0.7
GRN	-1.685
RELB	-0.725
RELA	1.33
	-1.25
	-0.19
	-1.52
	-4.945
EPX	2.875
CTCFL	-2.01
	1.485
DHX40	-0.81
IER5L	-0.585
	-0.73
RPS27L	1.09
AFAP1	-0.165
C9orf16	-0.77
	-1.14
TBC1D2B	-1.345
	-2.1
	1.03
	-1.03
	4.3
LAG3	-0.92
	-0.905
FAM83F	1.64
	-0.2
MTRR	-0.015
KLK8	0.54
	2.58
	-0.5
PNRC1	-0.74
FRG1	0.91
BTBD6	1.0
WTAP	0.355
	0.09
COX5A	2.55
	-0.955
	-0.05
DDR2	-2.55
FRMD8	-1.355
MPV17L2	1.215
OCEL1	-0.18
FRMD6	-1.03
	0.43
	-2.01
DDR1	0.02
PACSIN1	-0.86
	0.4
MSL2	1.52
MSL3	0.82
	-0.4
	1.31
	1.075
GLB1L	-0.775
CCP110	0.065
PCSK5	-2.18
	2.38
	-0.085
	-0.325
PAFAH2	1.36
GPT2	-1.86
LARP4B	-0.76
	-2.78
	-0.18
	-1.19
CHFR	-0.32
ATAD2B	0.335
	0.41
RCHY1	-0.705
	1.18
BRAP	0.38
E2F3	-0.26
HSPH1	-0.64
TMEM126B	-2.78
JARID2	-0.595
	1.13
TOP1MT	2.11
CSF1R	-3.92
E2F8	1.65
BRAF	0.17
BOLA1	2.4
	-0.185
	-0.85
BATF	0.39
	0.885
	-1.54
	1.19
	-0.155
MLF2	-0.86
CEP135	0.44
PALLD	-2.64
NOD1	-0.235
NOD2	0.66
GMEB2	0.71
	0.49
	0.225
	1.89
CDS2	-0.335
APH1A	1.07
	0.2
	1.16
	0.34
	-0.63
PGLS	-0.705
	0.42
	0.835
C17orf53	0.04
PNPO	3.05
	-0.72
ZZZ3	1.115
TXN	0.225
	-1.52
DPYD	-0.065
	0.9
	-0.345
CNOT11	0.46
	-0.33
	-1.45
PI4K2A	0.385
	-0.01
	1.33
	0.705
	-1.57
	-1.82
CD53	-0.64
PNP	0.785
	1.78
	-0.31
WDR55	0.38
GTPBP4	0.485
	-2.16
NDUFB1	0.565
AP2A1	0.045
	-0.42
GTPBP3	0.24
SCAP	-0.57
	1.51
KLHDC4	0.64
KLHDC2	0.76
KLHDC3	-0.81
	0.475
	-1.52
TRIO	0.09
TPST2	-0.525
TPST1	-0.655
	-0.93
NUCB1	-0.305
	0.05
	-0.91
	-0.89
GLI2	-0.29
GLI3	-0.88
GLI1	0.33
AHNAK	-0.295
UBXN11	-0.46
SEC11A	-0.88
TOMM6	1.02
SEC11C	0.22
	1.115
TOMM7	-3.02
	1.085
	-1.19
ARPP19	0.575
ILKAP	-0.055
CCER1	0.1
	-1.87
KLHL6	-0.18
MGA	0.28
SVIL	0.06
	-0.5
	-0.57
	1.135
	0.18
	-0.015
	0.405
FAM118A	2.07
	0.665
LMOD3	-1.445
	-0.325
	0.52
EMP3	-0.115
	0.02
	-1.22
	0.91
ARL14EP	0.1
	-0.8
MRGBP	0.83
SHB	0.465
	0.12
SHD	-0.88
SHE	2.625
SHF	0.565
	1.99
RASA4	-1.21
	-0.12
	-2.2
SMC1A	-0.225
PTGS2	0.2
PTGS1	-3.53
ADNP	-0.075
CFH	-0.42
TRABD	-1.42
	-0.195
CFD	-0.29
CFB	1.24
SLMAP	0.095
RAI1	-1.1
RAI2	-2.18
GOLGB1	-0.15
APOA1BP	1.06
NOL9	-1.175
CFP	-1.935
	0.665
RIMBP2	-0.225
	0.81
	-1.54
HRH1	-2.83
FAM118B	1.17
FAM173B	0.43
	0.97
CGRRF1	1.65
PDZD7	1.465
KIF21B	-0.645
PDZD4	1.01
PDZD3	-2.35
CDC42BPA	-0.15
CDC42BPB	-0.975
DDX11	0.54
	-1.56
	-0.52
	-0.89
DYNC2LI1	-0.43
SSFA2	-0.33
BAK1	0.135
ALG10	1.11
PHF8	-0.48
CACUL1	0.27
PHF6	1.43
PHF2	-0.865
HSDL1	-1.67
	1.37
	-0.81
TNPO2	-0.96
TNPO3	-1.13
	-0.18
TNPO1	-0.89
	0.675
	0.98
	-1.89
	0.34
ANKZF1	-0.2
UACA	1.08
	1.62
SCN4A	-0.945
FBLIM1	-1.65
SCN4B	-0.2
CDKN2AIPNL	2.485
KLB	1.43
	0.085
	2.12
	0.38
COL15A1	-0.635
APP	-0.47
	1.06
	0.745
DIXDC1	-1.62
APC	1.935
	0.73
	0.965
	1.19
	-0.235
	-1.93
HOXA10	-0.5
	1.12
	-0.535
ABCB7	0.945
ABCB6	0.05
	0.09
ABCB4	-1.465
DHX30	-0.705
ABCB9	0.18
ABCB8	-1.905
	0.65
EPHX1	-2.18
EPHX2	0.935
SLBP	0.49
	1.43
	-3.05
ARPC3	-0.465
ARPC1B	-1.44
ARPC1A	0.95
PDIA4	0.225
PDIA3	-0.07
CHSY3	1.06
	-1.11
CHSY1	0.86
	-0.8
	-0.05
HMGB4	0.315
ITPR2	-0.785
	-1.07
ITPR1	0.62
	1.285
	0.31
SPATA13	-0.485
IFT46	-2.67
RUNDC1	-1.0
SFT2D2	0.87
SFT2D1	2.49
DAPP1	-0.25
	-1.02
PAX5	0.41
N4BP3	-0.84
	-0.38
MPHOSPH10	-0.17
DPM2	1.35
PAX8	0.87
FLYWCH1	-1.09
FCER1G	-1.595
	-1.31
	-0.82
RPGR	0.57
U2AF2	-0.81
STOML2	-1.395
STOML1	0.345
KIF19	0.13
HIST2H3D	2.79
DHX33	2.59
HIST1H3D	-0.59
TELO2	0.475
HIST1H3E	3.29
TPM3	-0.575
PAIP2B	1.3
SARM1	0.43
ACSBG1	0.42
TRAPPC9	-0.005
TCEANC2	-0.765
	1.09
PTPN23	-1.165
TRAPPC1	1.72
RTCB	-2.02
TRAPPC3	2.19
SEL1L	0.005
TRAPPC5	-0.36
TRAPPC4	-0.08
BLOC1S1	0.41
DHX34	0.78
CAPN5	1.84
PTPN21	-0.92
CAPN3	-0.515
	1.335
CAPN1	-1.625
	0.07
DAB2	0.505
	-0.39
	0.08
	1.55
CAPN8	-2.17
	-0.39
	-0.88
	-0.33
	-1.56
	1.325
	2.06
MLIP	0.0
	-0.31
FAM71A	0.06
NSD1	-0.11
SLC29A3	1.16
	0.545
	0.63
C8orf74	1.145
PLXDC1	-0.43
SLC29A2	-0.5
	-1.14
	-1.07
	-0.295
	0.4
ZFYVE26	-1.31
TIMM17B	-2.69
TIMM17A	0.36
	-2.55
	0.91
GLRX5	2.3
	0.54
GLRX2	-0.29
GLRX3	-0.11
SFPQ	-0.39
ARFGEF1	0.325
ARFGEF2	-0.195
	-1.245
TMEM167B	-1.5
	-2.145
RNF135	0.33
	1.265
	-0.37
PELI1	-1.64
	0.94
CERS6	-2.11
SPDL1	0.105
MCOLN2	1.08
GID8	-0.79
	0.44
TESC	0.69
MAPKAP1	2.51
GATM	-1.04
	1.265
	1.325
GMPR2	2.35
	-1.005
GATC	0.06
	-1.24
NRD1	-0.9
LITAF	0.13
NUP107	-0.23
RWDD4	-0.875
WDR13	0.055
WDR12	-1.3
WDR11	0.5
LAIR1	-2.77
WRAP53	-0.14
	1.36
WDR19	-2.32
WDR18	1.06
	0.145
MOGS	-1.185
	1.75
BUB3	-0.23
	0.79
SERF2	1.14
	0.915
ABLIM1	0.6
	1.32
ABLIM3	-2.18
ABLIM2	0.025
STMN4	1.37
	-0.11
	-0.36
ATXN7L3B	2.81
CDC25B	-0.36
CDC25A	2.24
	-2.66
FAM207A	0.2
	2.0
ZGPAT	-0.57
	0.45
MTIF3	0.36
MTIF2	0.0
ZNF436	0.04
	0.17
	1.765
	-1.395
CERS2	0.74
TCF19	-1.1
NEDD8	2.91
DCAF13	-0.08
ADPGK	-0.47
NEDD9	0.56
CD160	0.03
CD163	-4.525
CD164	0.235
SRP9	-0.195
CD40	-0.08
	0.515
	-0.435
	1.11
	0.265
	0.455
	-1.39
GRIN1	-1.31
	-0.77
	-1.79
PPP1R14A	-1.22
ZFYVE21	-1.53
ZFYVE27	0.62
	0.405
TOP2B	-0.025
ZFYVE28	-0.88
GOLPH3L	-0.505
EFTUD2	-0.275
	0.23
HTT	-0.125
PLCE1	-2.99
	-0.32
	1.2
NKX6-1	3.53
SRPK1	1.935
CSNK2B	-0.365
SRPK3	0.68
SRPK2	0.155
SLC10A3	0.37
NCF2	-0.61
NCF1	0.955
SLC10A7	-0.595
SRPR	-0.155
	-1.31
NCF4	-0.045
NEDD1	1.38
	1.965
	-1.9
	0.74
SEC62	-0.395
SEC63	0.0
PML	-0.34
	0.18
	1.05
RNF38	0.87
RNF39	0.94
ANKRD16	0.21
ANKRD17	0.43
RNF34	-0.115
HDGF	-0.46
ANKRD12	1.735
ANKRD10	0.23
RNF31	1.035
YWHAZ	-0.7
FOXJ2	2.71
FOXJ3	0.11
IRF5	-0.835
	3.01
ZFR2	-0.94
	-0.58
EPOR	-2.53
YWHAQ	0.065
	0.35
COL9A3	2.5
	1.075
COL9A1	0.36
YWHAH	-0.36
ATP6V1D	-0.11
BCL9L	-0.49
RNF150	-1.19
CWF19L1	1.08
RNF157	0.185
HIST1H2BK	0.4
YWHAE	0.55
	-2.58
	1.91
TMEM106B	-0.32
GIGYF1	-1.675
GIGYF2	0.305
TMEM106A	-0.19
RPP21	-0.68
PCM1	0.425
	-0.46
PPARGC1A	-0.5
CDYL	0.16
NGRN	0.25
MYO9A	-0.535
GRID2IP	-0.92
PI16	1.02
ARHGAP18	1.41
	-1.625
	1.65
GAP43	0.42
HMBOX1	1.785
GOLPH3	-0.335
RPL36	-0.945
	-1.87
LRRC4	-0.88
	0.885
OLIG2	-2.01
	0.495
	-0.8
HARS2	3.47
	-1.19
NUP205	-0.33
DMD	-0.07
	-1.79
PEAR1	0.18
	1.72
SH3GLB2	0.74
	0.37
MTTP	1.98
	1.925
FAM49A	0.86
	-2.355
HSH2D	0.425
	-0.37
LIG4	-1.14
	-1.12
	-1.46
	0.42
	1.42
RABGEF1	0.885
BCAT2	1.115
BCAT1	0.49
	1.08
DUSP28	-0.86
CIB1	-0.02
EXPH5	0.45
	1.73
ITPKB	-0.565
	-1.54
	0.195
	-0.665
DUSP27	-0.715
	-0.43
	-0.155
MYOD1	2.98
	-0.92
ZBTB12	0.18
	-0.37
TREX1	2.28
ZBTB11	-0.54
	1.64
C1orf43	2.85
FCRL1	-0.935
PHF5A	1.84
	1.25
UROC1	0.355
GPR3	-1.18
	-0.97
ZFPL1	1.02
	-1.395
ZBTB14	-3.22
KHDRBS1	-0.895
	1.72
KHDRBS2	-1.19
MTFR1L	-0.385
CSF3R	-0.22
COLEC12	1.02
PLIN5	-2.52
MCTP1	-0.425
PLIN3	1.46
MCTP2	-0.53
ZBTB18	-0.66
	0.5
SAFB2	-0.155
	1.51
YWHAB	-0.09
CEP112	0.23
ISG20L2	0.91
BCR	1.99
MIS18A	0.21
CHD1	0.415
SPIDR	-0.19
CHD3	-0.365
CHD2	0.03
CHD5	0.12
	0.83
ZC3H7A	0.43
CHD6	1.22
CHD9	-0.815
CHD8	-0.05
	1.36
MVB12A	-0.61
ANKMY1	-0.01
ANKMY2	3.8
PPP6R2	0.27
PPP6R3	-0.365
SLCO2B1	-1.61
CWF19L2	0.045
	-0.435
	1.16
ZNF142	-0.69
	-1.34
IPO11	0.56
IPO13	0.27
	-1.04
	-1.18
	-0.04
ING4	0.29
ERP44	0.5
	0.38
	-2.17
TMEM229B	-0.56
ING5	-0.39
FYTTD1	-0.45
FH	0.63
CNTNAP4	-2.53
	-0.85
FLCN	0.09
TECTA	-0.53
	-3.01
WDFY1	2.27
	1.48
	-0.19
	0.35
	-0.38
MAK16	2.25
	0.91
	0.05
	-0.465
ENC1	0.24
GRIA2	3.39
THRAP3	-0.5
SNRNP200	0.055
TECPR1	-0.725
TECPR2	-0.28
	-1.07
PRAF2	-0.31
SLC41A1	1.17
EI24	0.07
	0.85
DICER1	0.66
	1.06
	-0.44
TMEM120A	-1.22
LACE1	0.76
EBP	2.84
COL23A1	0.13
ZIC1	0.94
GLO1	2.78
CXCL13	0.57
MYO9B	-0.515
	-0.37
RACGAP1	-0.265
NEB	0.03
	0.94
CNPY4	-1.84
CNPY3	-1.22
CNPY2	0.82
	1.22
	0.585
	0.02
	1.005
	0.775
	1.32
SMG5	-0.42
SMG7	-1.02
SMG6	0.39
SMG1	0.28
	1.79
ADH5	0.395
SOGA3	4.995
ANKFY1	-0.02
KIAA1109	-0.35
SMG9	2.07
SMG8	0.19
	-1.54
	-0.42
SLC22A23	1.37
	-1.52
EDEM2	-0.73
EDEM3	0.605
EDEM1	-0.665
ODC1	-0.33
	1.77
ATP2C1	-1.125
RPTOR	-1.75
	-1.65
	0.13
FNDC9	-1.25
FCER2	0.56
FNDC5	1.13
	0.0
ALPK3	-1.535
	-2.38
	-0.355
	-0.875
	-0.395
	-1.515
SHOC2	0.88
	0.61
	0.255
FER1L6	0.71
	-0.23
	0.165
FER1L5	-0.21
XXYLT1	-0.675
	-1.18
EGR2	0.04
EGR3	1.13
EGR1	0.495
	-0.99
TRADD	0.545
	-1.06
PEBP1	-0.695
GJA8	-2.19
UHRF1BP1	-0.145
ERAL1	-0.51
ME2	-0.685
COL24A1	0.37
	-0.49
FAM193A	0.66
	-1.04
	-0.6
	-1.18
	0.5
	-1.52
	-0.975
	-0.17
	0.825
BRMS1L	-1.53
SRXN1	1.43
	0.455
	0.395
CCDC77	0.235
	1.94
CSK	-0.92
	-0.455
SLC32A1	0.45
PRSS12	0.34
	-0.42
SGTA	-0.77
	-0.61
TRPC6	-0.42
SPATA5L1	0.365
MRI1	-0.725
	0.1
	0.245
XRCC2	2.4
EPG5	0.46
NFATC1	-0.71
NFATC2	-0.29
NFATC3	0.36
NFATC4	-0.25
B3GALNT2	1.67
RBM41	-1.57
TSPAN13	-1.23
TSPAN14	-1.65
CELSR2	-0.01
CELSR1	-0.25
NRBF2	0.8
SOWAHA	-1.93
SOWAHB	-3.16
SOWAHC	-0.81
INSRR	-0.45
	1.96
	1.505
RBM44	0.95
	-0.45
	0.63
UBA6	1.45
ANKRD6	-2.27
LARP6	0.54
ANKRD2	-0.8
UBA7	-0.04
LARP7	0.07
	0.08
	1.81
NDUFA10	0.27
NDUFA11	2.82
	-0.68
NDUFA13	0.4
UBA2	-0.37
THBD	0.535
	-1.62
UBA3	0.48
	0.2
	-2.11
AP5B1	-1.66
	1.615
ADCK1	0.12
	-1.18
	1.605
GPATCH11	0.865
	0.3
	0.275
ABCD3	1.25
ABCD2	0.735
CLSTN1	-0.905
CLSTN2	-2.36
CLSTN3	-0.84
	-1.57
TMEM131	-0.505
POMP	2.21
SLIRP	2.68
TMEM134	-0.8
TMEM135	-0.25
NDUFAF5	-0.49
NDUFS1	-1.01
NDUFAF7	2.74
NDUFAF6	1.94
NDUFAF1	-0.38
	-0.04
NDUFAF3	0.38
NDUFAF2	2.79
NDUFS8	-0.725
PSENEN	1.26
ATP6V1B2	-0.945
	2.11
POMK	-0.4
	-2.435
	0.74
	1.11
	1.46
TP53I11	1.185
SPATA33	-1.07
SH3GLB1	-0.6
CORIN	1.135
	-0.9
	-0.11
XRCC5	0.86
	0.04
	1.13
	-0.81
VWC2	0.77
	-0.01
ATP1B4	-0.825
ATP1B3	0.715
ATP1B1	-0.04
	0.09
LRRC25	-4.05
	-1.21
ARFGAP2	-1.03
ARFGAP3	-2.19
ARFGAP1	-0.81
FBL	-1.24
LRRC29	-0.215
ABCC9	0.36
LARS	0.51
GAS2L1	-0.68
GAS2L2	0.93
MED13L	-0.305
LIMA1	-1.58
CCNY	0.69
ZER1	-0.215
	0.0
CNTFR	-1.4
CUX2	0.15
CCNH	0.14
	-0.18
	-0.53
	-2.96
	0.25
	-0.565
HNRNPA0	-0.15
	0.93
RIN1	-0.825
SIVA1	-3.0
RIN3	-1.265
	-0.845
FAM73A	0.2
FAM73B	0.0
MAN1C1	-0.5
ZAP70	-0.73
MLKL	0.94
WBP2	-0.73
CACTIN	-0.47
ZPBP	0.29
WBP4	-0.04
	0.925
	-0.005
CEP55	-1.31
ASAH1	-0.985
	-1.18
	0.93
	2.02
	0.69
	0.92
	1.32
RGCC	-2.68
	0.69
TMCC3	-0.02
	0.83
	-0.57
CDC5L	-0.18
ROMO1	0.02
HIGD2A	-0.555
	-0.225
PELO	-0.675
	0.025
NPRL2	-1.95
ALOX5AP	3.49
	-1.65
HIST1H3B	2.59
C8orf58	0.16
	0.23
RBM38	0.84
PARD3B	0.675
IMPACT	-1.5
TSEN34	-0.26
	0.13
	1.205
	-0.11
	0.91
ZCCHC24	0.65
TACO1	0.82
SLC22A4	0.13
SLC22A5	0.75
SLC22A7	-1.11
SYNJ1	0.22
SYNJ2	-0.655
	0.28
	1.14
MKKS	-1.555
SLC22A8	-1.23
	-1.21
	0.03
ATPIF1	-0.36
	0.54
DNAJB2	-0.075
DNAJB1	-0.87
TF	-3.525
	-0.01
DNAJB5	-0.56
DNAJB4	-3.21
WDR78	-1.68
	0.175
XRCC1	-0.505
	0.52
WDR73	0.53
	-1.02
	0.93
	-0.45
WDR77	2.12
WDR76	2.1
FAM65C	-0.38
PPP1R12C	0.33
FAM65A	-0.28
CAMSAP2	0.435
CAMSAP3	0.91
CAMSAP1	0.115
PTCD2	-0.43
PTCD3	0.575
ATP5J2-PTCD1	-0.145
HS6ST1	-1.06
PCLO	-0.18
NCSTN	-0.58
OASL	2.19
HMCES	0.1
	-0.29
TDRD3	0.33
TDRD1	-2.1
TDRD7	-0.61
TDRD6	0.23
IQCG	0.2
ATP6V0A4	-0.005
	0.85
ALOX15	-0.745
ATP6V0A1	1.255
ATP6V0A2	-0.165
	0.135
B3GAT3	-0.565
	-1.18
ACAD10	1.22
ZFP64	1.035
ZFP62	-0.195
	-0.495
ZSCAN30	-0.42
AHDC1	-0.18
ERCC1	-0.51
ISCU	2.24
	0.14
	0.375
SP5	-0.03
DCST2	-0.73
SYNPO2	1.1
PRPF40A	0.105
	-0.63
	-2.08
	-0.8
	-0.63
DYRK1A	0.155
GFOD2	0.54
GFOD1	0.74
	0.57
	0.67
	0.4
	1.41
PLCG2	-0.125
USP9X	0.205
USP9Y	0.33
	0.13
	-1.82
MCCC2	0.94
MCM5	0.775
RNF14	0.29
	-1.53
RNF17	-0.43
RNF10	0.505
RNF11	1.75
RNF13	0.68
SRRT	-0.285
	0.09
	0.57
	0.68
NCKAP5L	-0.005
	-1.99
	-1.39
	0.49
	-0.42
SRRD	1.0
MCM4	-0.59
GPNMB	-0.735
ANKRD13D	-0.295
	1.12
ANKRD13B	-0.03
ANKRD13C	-1.17
ZNF329	-2.11
ANKRD13A	0.015
ZNF326	1.75
ZNF324	0.0
FOXD2	-0.4
FOXD3	1.14
BAHCC1	-0.3
FOXD1	0.34
HABP4	-0.79
	-0.4
GGNBP2	0.165
DDRGK1	-0.475
SPATA2	2.22
MCM3	0.345
	0.995
SPATA6	2.4
SPATA5	0.38
	-0.3
SUMF2	1.57
	0.055
	-1.24
BHLHA15	0.89
RAB3IP	1.04
	-1.56
VPS4A	0.61
	0.91
ESRP2	-0.275
ESRP1	2.01
SUMF1	-1.35
XRCC6	0.4
	0.01
VIM	-0.445
MYO7A	-0.485
MYO7B	-0.345
SESN1	-1.715
SESN2	-0.77
SESN3	-0.995
CD3EAP	-0.48
	2.415
	-0.88
	1.375
	0.005
RNASEL	-1.365
COX18	-0.01
COX19	0.77
SPARC	0.69
SSR3	1.86
SSR4	-0.77
	-2.18
FOCAD	-0.17
	1.06
	-0.09
COX11	1.05
	3.02
	-0.065
COX14	0.285
COX15	-1.015
COX16	-0.265
HIST1H4C	-1.05
	-1.39
ETFDH	-0.51
PFKP	-0.6
TOMM70A	0.8
	-0.4
CDADC1	0.91
	1.41
	0.57
	1.02
STAC2	-0.3
STAC3	-1.44
DYSF	-1.745
	0.44
	-1.0
	-0.83
OSGIN1	-0.53
ZNF665	0.63
	-0.165
	0.795
CNGA1	0.685
UNC13D	0.21
CNGA3	-2.45
UNC13B	-0.24
UNC13C	-0.4
UNC13A	0.395
SNAI1	-1.14
	0.29
	0.125
	0.84
MSH2	-1.48
MSH3	0.87
VPS37B	-1.155
MSH6	0.19
	0.99
TMEM64	-0.595
MAPKAPK5	0.57
MAPKAPK3	0.35
MAPKAPK2	1.555
	-0.275
ANXA1	2.47
SLC12A1	-3.92
ANXA3	-2.23
DIS3	-0.685
ANXA5	-1.505
SMCHD1	0.765
ANXA7	-0.33
ANXA6	-0.685
	0.82
BCL7C	0.5
RAD51AP1	0.44
RAD51AP2	-0.21
	-1.295
ZC3H14	-0.31
SYCP2L	0.16
ZC3H18	-0.56
BAP1	-0.23
	0.525
	-0.43
	0.845
	0.76
RIOK2	1.06
RIOK3	-0.37
RIOK1	-0.17
	1.43
NIPAL1	-1.52
BBIP1	-0.33
	-0.7
MRPS18A	-0.535
ZADH2	-0.01
MRPS18C	0.555
BAD	0.66
NIPAL3	0.075
STX2	-1.31
HMMR	0.37
	-0.76
	-1.52
LCN2	2.43
	-1.54
OPA1	-1.03
PLIN2	-1.68
	2.8
	-0.53
MSRA	1.23
PPP1R37	-0.24
PPP1R35	-0.87
	0.96
PPP1R32	-2.42
ATG5	0.85
PLAGL2	-0.835
	0.55
	-0.32
PLIN1	-0.245
DDX50	-0.17
	-0.825
	-1.405
FN1	0.9
KIAA1107	0.65
	-1.19
	-1.39
PYROXD1	-1.03
NAIP	1.04
RC3H1	-0.675
SLAIN2	-0.005
ENO2	0.87
ENO3	-0.565
GPBAR1	-1.14
DDX55	1.41
	1.41
RNASE4	0.03
ANKLE1	0.12
DXO	0.11
ANKLE2	-0.615
	1.17
SYNGR1	0.725
	0.04
SYNGR2	2.52
MBD5	1.325
MBD4	-1.545
MBD6	0.225
MBD1	-0.39
	-2.21
MBD3	-1.925
MBD2	0.115
GLMN	1.37
PAFAH1B3	-0.015
	0.46
	-0.285
HNRNPD	0.115
	-0.68
HVCN1	0.72
	0.165
ARHGEF6	-0.095
ARHGEF7	-1.03
ARHGEF4	-1.435
ARHGEF5	0.93
ARHGEF2	-0.195
ARHGEF3	-1.74
ARHGEF1	-0.825
	-1.24
MIEF1	-0.84
	-1.46
UNG	0.84
TAS1R1	-1.14
	1.23
TAS1R3	-0.37
UNK	0.535
CCT6A	0.18
PSTPIP1	-0.9
DIDO1	-0.37
TRMU	0.01
	0.91
HAAO	0.58
HNRNPF	-1.11
	0.13
NOP14	0.775
MCM10	0.84
MKLN1	-0.19
	-2.35
PAIP2	0.89
PAIP1	1.935
GPR65	-0.39
	0.57
TYW1	0.4
GPR68	-0.23
BDH1	-0.555
TTC33	-0.04
TRAF2	0.18
TRAF3	-0.775
TRAF4	0.385
ATP2A1	-0.08
ATP2A2	0.0
	1.43
LOC102288414	1.07
PNPT1	-0.46
ACIN1	0.395
MCC	-0.88
ASIC3	-0.495
ASIC2	0.57
	0.26
	1.32
	-1.79
	0.85
	0.51
NKX3-2	-1.11
NKX3-1	-1.22
	0.235
RBAK	1.175
MCU	0.965
	0.03
	-0.33
	0.305
	1.38
RASGRF1	-0.33
RASGRF2	2.11
	0.305
	-0.45
MUTYH	1.17
	1.32
PRKACA	-0.55
	0.21
PRKACB	-0.745
SLA	-0.505
	1.0
CHD4	-0.89
ST6GALNAC4	0.365
	1.47
	0.72
TMEM97	0.61
	-1.285
ACTR3B	-2.32
	-2.11
SCMH1	0.685
	2.21
NRG3	0.835
NRG2	0.145
DCAF6	0.415
CCDC88C	-0.235
KNOP1	0.085
LIPT2	-0.64
	-0.1
LCLAT1	-0.505
	-0.4
	0.44
RNPEPL1	0.67
MEFV	1.78
AOAH	-2.39
UPF1	-0.18
PRSS36	0.56
PRSS35	0.19
UPF2	0.215
ACTR6	1.8
ACTR5	0.705
ACTR3	-1.41
ACTR2	-0.03
PASK	0.43
	0.04
CCDC51	0.125
CCDC53	-0.33
GALNT12	0.625
TTC30B	-1.54
GALNT10	-0.87
GALNT11	1.425
CCDC58	0.49
CCDC59	0.325
	1.625
SCN8A	-2.63
NOB1	0.87
GALNT18	1.81
KIT	2.135
COQ6	-0.03
PLEKHM3	-0.71
ARAF	-0.73
KIN	-2.27
NUCKS1	1.145
PRELP	1.44
	1.94
	2.075
PTTG1IP	-0.9
BTRC	-1.33
	-0.91
ATM	-1.16
	-0.38
	0.51
POU6F1	0.44
ATR	0.83
	1.42
	-3.02
RUNX2	1.81
PDE2A	-1.815
TRIM72	-1.24
	-0.18
TRIM71	2.94
	1.51
KTI12	-1.57
	-0.025
	0.1
RALGAPB	-0.125
	1.0
	1.51
	-0.575
ELF2	-0.075
CDC6	-0.17
ABCF3	-0.64
	-0.42
ABCF1	-0.23
COL7A1	-0.705
	0.015
	0.48
	-1.14
ALMS1	1.17
	-0.25
MAGI3	0.4
MAGI2	0.13
MAGI1	-0.12
	-1.335
	-0.49
CHEK2	1.53
TDP1	0.395
CWC15	1.125
	-0.25
	0.165
	-0.69
LRRC4B	-0.175
TFIP11	-1.12
PPFIA3	-1.32
PPFIA1	-0.2
TADA1	-0.28
	-0.135
TSPAN32	-0.795
TSPAN33	-0.53
PAM16	0.7
TSPAN31	0.74
	-0.31
	-0.46
GDF9	1.46
CCDC85C	0.91
CCDC85B	-0.565
CCDC85A	1.93
MYCBP2	-0.225
TNNT1	-0.56
TNNT3	-0.32
TNNT2	-1.19
GABRR2	-2.14
ST8SIA6	2.79
FRMD4A	-1.045
FRMD4B	-1.715
	-0.02
	-0.6
MAGIX	-0.37
C1RL	-1.89
	-0.04
	0.14
	0.775
LRRC40	1.13
LRRC43	-1.93
LRRC42	-0.255
LRRC45	1.285
UTP23	-0.825
UTP20	0.24
LRRC49	1.44
VEZT	-0.01
GLCCI1	-0.86
	-0.895
SPTB	-0.165
ZBTB7A	0.395
LPIN3	-0.7
ZBTB7C	-0.025
LPIN1	-0.37
VGF	0.0
BTLA	0.62
THEMIS2	-1.005
	-2.18
CBX8	-0.35
CBX7	0.0
CBX6	-0.655
CBX5	0.175
CBX4	-1.04
CBX3	-0.895
CBX2	0.58
CBX1	0.11
FURIN	-0.715
	-0.33
STAT1	0.915
CDC73	-0.755
	1.105
	-1.075
	0.48
	1.95
	0.03
	1.41
GCFC2	-0.09
SLC43A3	0.18
SLC43A2	-1.87
SLC43A1	-3.46
ENKD1	-0.56
CCL3L3	-1.08
	1.36
	2.785
CCL5	0.79
	0.83
	0.395
ALK	0.105
	-0.26
SIGIRR	-0.16
	0.14
CDCA7L	1.25
	-2.52
	-1.62
	1.345
PCYOX1L	2.11
	-0.37
ABCA4	0.82
INO80B	0.605
	-0.75
UTP14A	0.23
UTP14C	-0.04
PROSC	-1.79
	2.185
EIF2B3	-0.17
AP3D1	0.01
	1.02
PRR22	0.545
SEPSECS	1.4
MEA1	-1.055
	0.625
NCKIPSD	-0.475
	0.115
TSEN15	0.5
IFI35	-0.09
IFI30	0.615
LDHD	-0.45
MLH1	-0.58
CREBRF	-0.135
MDM1	1.3
MDM2	-1.435
	-1.39
MDM4	0.815
PKNOX1	0.37
AREL1	0.88
	1.26
CDAN1	-0.88
SLC44A1	-1.16
SLC44A2	-1.45
	0.24
LAPTM4A	-0.11
SLC44A5	-1.835
	-0.155
PIK3CA	-0.22
PIK3CB	1.025
CDKL1	-2.17
ATRAID	-0.365
WDR59	2.35
SEC61A1	-0.985
LDHB	-0.545
	0.46
LOC100652824	-1.555
	0.57
FAM63A	0.84
	-1.18
	-2.065
NXF1	1.24
	-1.11
	-1.65
	1.57
RORC	-1.79
KRCC1	1.37
RORA	0.06
	1.74
FAAH	-0.08
PPP1CC	-1.11
GIPC1	0.61
	-0.45
ATXN7L3	1.16
ATXN7L2	-0.21
ATXN7L1	-0.63
NCAPH2	-0.24
	1.14
	1.735
	0.82
UEVLD	0.0
CIAO1	-0.76
TOX4	0.26
WDR5B	-1.99
C16orf86	0.88
	0.195
	-1.86
ENGASE	0.025
PLS1	-0.825
PARD3	-1.1
AP2A2	0.14
	-0.145
HSPA2	-0.515
	0.795
	-0.11
	0.57
	-0.4
TMEM234	-0.62
LRG1	0.835
RUNDC3A	0.91
	0.81
ELAVL1	-1.32
AHR	-0.265
COPA	-0.565
ELAVL2	-0.44
	-2.16
COPE	-0.6
ZNF697	0.205
ATP5G1	0.71
EIF2B4	0.205
EIF2B5	-0.06
EIF2B2	-0.435
ZNF692	0.19
EIF2B1	0.315
PCF11	-0.875
	-0.93
	-0.385
RAD52	-0.69
RAD51	0.19
	-1.05
ATP5G2	2.36
RNF19B	0.935
	-0.46
	-0.46
RNF19A	-0.465
ANKRD52	-0.52
	0.65
	-0.13
ABHD17C	-1.005
	0.46
GDAP2	0.91
ANKRD54	-1.49
TSGA10IP	-0.445
PLA2G12A	1.02
	-0.25
ARL15	1.23
FAHD1	-1.54
TFCP2	-0.38
	-0.055
FOXF1	-0.45
MPC1	0.4
	-0.04
MCEE	0.44
PTPN2	-0.585
	-1.5
	1.06
	-0.4
	-0.465
DMRTA2	0.4
KPNB1	-1.21
TIGIT	2.46
ZNF346	-1.78
TAPBP	-0.435
	1.62
	-0.36
LSAMP	1.43
	-0.91
	-0.6
PHKA1	0.57
NMRAL1	0.365
UBE4A	-0.89
NUBP2	-0.245
	-0.69
MTHFD2L	0.83
	0.38
NIPSNAP1	0.475
DHX29	0.63
MYO5B	-1.165
MYO5A	1.73
ZNF207	-0.355
	-1.19
NTF4	-1.57
RAB3IL1	-0.03
CDK18	-1.22
CDK19	0.17
TPRG1L	-0.5
ARID5A	0.735
PGPEP1	0.03
CDK12	-0.38
CDK13	-0.235
CDK10	0.06
CDK16	-2.17
CDK17	-0.2
TCIRG1	0.13
	0.455
	-1.19
HGSNAT	-1.49
SCNN1A	0.305
	-0.54
	0.61
CCNA2	3.64
VAX2	-0.255
VAX1	0.49
METAP1D	-0.04
	1.54
CAB39	2.33
PRPF4B	0.02
	0.39
	-0.125
	-1.82
	1.17
	-0.795
	-1.185
	-3.87
	-0.8
	-1.355
	-1.425
	-0.87
HIST3H2A	0.825
CYB5R4	-0.53
SSPO	0.08
CNR2	0.17
CASP8AP2	-1.165
DCAKD	1.05
PSMC3IP	0.03
	-0.205
NUDT13	0.29
RCOR1	0.305
NUDT16	0.315
NUDT14	1.84
NUDT15	-1.19
CD300C	-1.89
NUDT18	-2.67
NUDT19	2.235
ACCS	1.92
TCHP	0.14
	0.55
	1.1
AARSD1	0.42
PKN3	-4.15
PKN2	0.74
DNAJC1	0.515
LAPTM5	-0.6
	1.51
CIRBP	-0.795
GINM1	0.925
	0.33
RPS6KA1	-0.53
RPS6KA2	-2.67
RPS6KA3	0.205
RPS6KA4	-0.6
RPS6KA5	-0.02
UQCR10	2.7
UQCR11	1.65
	-0.2
	2.02
STAMBPL1	1.51
THY1	-0.57
FAM171A2	0.72
	0.245
FAM171A1	2.05
	1.37
	-0.11
VRK2	-0.67
BLOC1S6	1.01
SLC3A2	-0.92
	-0.2
	0.05
BLOC1S5	0.75
CEACAM1	1.11
	-0.05
BLOC1S4	0.89
	0.45
	-1.14
	-0.81
	0.51
SHPRH	-1.24
	-0.25
ERVFRD-1	1.715
	-0.04
SLC14A2	0.345
SLC14A1	-0.02
BMPR1A	-1.11
TMEM41A	-0.32
BNC2	0.905
LSP1	0.0
	-0.85
PPP1R11	-0.325
PPP1R10	-0.705
	-0.865
ALKBH8	-0.39
	0.425
ALKBH6	0.7
ALKBH7	-0.235
ALKBH4	-0.585
ALKBH5	-1.93
ALKBH2	0.865
ALKBH3	-0.46
	0.995
ALKBH1	-1.62
	-1.31
	-0.3
	1.44
	-1.19
	1.01
ZKSCAN1	0.88
PIK3C2B	-0.92
ZKSCAN3	0.105
ZKSCAN5	0.38
	1.77
ZKSCAN7	-0.395
ZNF18	-0.155
ENTPD4	-2.11
ZKSCAN8	-2.16
	1.955
	-3.69
	-1.24
MRGPRE	-2.14
FAM134B	-0.82
TYROBP	-0.41
GADD45GIP1	0.105
GLCE	-0.17
EEF2K	-1.7
LOXL2	-0.51
LOXL4	1.25
COPZ1	0.11
HAGH	2.11
	-0.195
DNAJC30	-0.17
	-1.56
	-3.0
PUF60	0.765
NCKAP1L	-0.9
TNNI3	-1.19
EIF4EBP2	-1.02
ELMO2	0.435
	-1.79
PAXBP1	1.515
	-1.18
CD48	0.7
	3.33
ZNF483	-1.28
	1.87
MTPN	-0.2
SLC13A2	0.85
MAN2B1	-1.75
SLC13A4	-0.88
SLC13A5	2.48
PHKA2	1.135
	-2.01
	-1.44
NRROS	-1.385
ELMO3	-0.56
HSP90AA1	0.015
	1.555
	1.16
	-0.66
	-0.17
YPEL5	1.94
ERO1L	0.41
	1.975
MINK1	-0.645
ZNF597	-1.87
PRKAA1	-0.98
ZNF593	1.85
	-2.23
EIF3K	0.5
	1.59
ZNF148	-0.295
LRRC8A	-0.455
	-0.26
TSC2	-1.22
TSC1	0.165
TAF7	-0.535
TAF6	0.61
TAF5	-0.145
	2.44
TAF3	0.23
TAF2	1.02
TAF1	-0.175
ACTR10	1.0
SNN	-0.26
MAX	0.82
SMC3	-1.27
MAZ	-0.29
SMC5	0.82
L3MBTL3	0.36
TAF9	1.07
TAF8	0.94
	-1.52
MAP2K2	-0.695
MAP2K1	-1.28
	-0.31
MAP2K7	-0.48
MAP2K6	1.47
MAP2K5	1.55
	0.84
	1.45
	-0.45
	1.445
	-0.25
	-0.025
	0.36
	2.98
	-0.805
	-0.275
	0.02
	-0.88
	-1.055
	2.74
	-0.18
	-0.86
CASK	-0.6
EIF3E	0.515
CAST	-1.19
FKBP9	-1.02
EIF3F	-0.005
	-2.23
INSIG1	0.16
	0.63
	-0.355
ATP8B2	-0.185
	0.36
	0.34
	1.51
	3.81
IL6ST	-1.64
	3.11
ACTR1B	0.86
ACTR1A	1.87
PPDPF	-2.61
MORF4L2	-0.84
MORF4L1	1.66
	0.165
	2.45
FANCD2	-0.25
	0.68
	0.87
GALNS	1.08
	-1.14
	-0.37
TINAGL1	0.91
PKDCC	0.025
TBL2	1.47
TBL3	0.73
DISP1	0.54
	0.175
	-2.34
	1.105
NCOA7	2.195
OTUD7A	-0.38
CCDC38	0.35
OTUD7B	0.385
	-0.81
	2.175
CCDC33	-0.34
	-0.8
	1.54
EPC2	1.17
CSRNP1	-0.355
CSRNP2	1.24
EPC1	-1.11
GTF3C3	-0.44
	-0.06
GTF3C1	-0.195
GTF3C6	-0.365
	1.92
GTF3C4	1.23
	1.015
TOPORS	1.025
ENDOG	0.21
	-0.105
	0.67
MED1	0.905
MED6	-0.1
MED7	-1.22
MED4	1.54
MED8	0.19
MED9	2.11
	-1.92
ENDOU	0.51
	0.61
TMEM248	1.94
	-1.98
ATP5J2	-0.71
ARG1	-2.63
KCNQ4	0.45
CPT2	-0.435
TMEM240	2.07
FCHO2	1.235
TMEM242	0.12
TMEM243	0.13
	0.53
	0.27
	0.83
	0.455
	-1.65
	1.88
	-0.92
	-1.18
	1.37
	-0.49
	-0.68
	0.885
	-1.28
	0.515
	0.32
	0.97
	0.59
PPARG	-2.21
PPARD	-2.99
KYNU	-1.08
FASN	-0.555
C4B	-0.065
FASLG	0.03
PPARA	-0.72
WIPF3	1.36
WIPF2	2.63
WIPF1	0.135
TRIAP1	1.46
	0.46
	2.39
FAM3A	0.66
FAM3C	-2.78
	-2.51
UBE2L6	3.79
TRIB1	2.38
HOXC13	3.73
	-0.19
	-1.24
MROH9	-0.4
SPTY2D1	-0.435
RBM15B	-0.585
MROH8	-0.83
LPAR5	-0.09
SLC36A4	1.25
	0.855
UHMK1	-0.08
SLC36A1	0.92
	0.33
GRM6	-1.07
	-1.19
RPIA	-0.23
FICD	-1.08
	0.695
TDRP	-0.54
DDX3X	-0.225
MROH7	0.21
NDUFC2	0.585
	-0.32
SRPRB	-0.85
TMEM57	1.175
	-1.18
DYNC1I1	-0.3
TAGLN3	-1.035
	0.58
	-0.365
	0.445
PPAN	-1.905
	-1.19
LSR	2.18
LSS	-0.67
LRRC61	3.07
LEPROTL1	-0.145
	0.015
KPTN	1.96
	-1.31
	-1.07
	1.42
	-0.69
	-2.23
PISD	-1.21
	0.93
	-0.785
ZNF143	2.5
	-0.595
TMTC4	-1.54
TMTC3	0.81
EPM2AIP1	0.865
RNPC3	-0.595
	1.815
	-0.585
TERT	-1.46
CDC16	-0.095
	0.66
NUAK1	-1.53
NUAK2	1.09
DFFA	-0.03
DFFB	1.07
MSRB1	0.38
ZCWPW1	1.71
LUC7L3	0.73
BCOR	-0.58
	0.68
	0.075
NASP	0.235
TBC1D10A	-0.85
	-2.83
SF3B5	-0.805
SF3B4	-0.565
	1.44
	0.59
PRNP	0.19
SF3B3	-0.32
TMEM161B	-1.87
SYVN1	-0.34
	0.255
	-0.335
S100A9	3.1
S100A8	3.46
	-0.335
	-0.095
PHLDB1	-0.47
PHLDB2	0.155
PHLDB3	0.175
TIMM23	-0.035
TIMM22	0.915
AP3B1	0.275
	1.115
AP3B2	0.67
	-0.33
	0.355
F8	-2.01
C2orf54	0.03
LIMCH1	-2.21
	-2.39
RDH14	-0.84
RDH11	1.045
RDH12	0.21
MYH6	-0.6
CCDC127	-0.78
CCDC126	-0.6
GRHPR	0.71
CCDC124	1.87
	-0.895
CCDC121	0.15
CCDC120	3.155
ECT2L	0.92
	0.405
	0.13
EGR4	-1.62
GBP3	0.82
	-0.885
ECEL1	0.01
	-0.725
	0.13
ZRSR2	1.01
STX4	-0.84
VPS45	0.2
	-1.03
DHPS	-0.52
VPS41	0.055
ODF2L	-0.47
GPI	-0.425
	0.13
PLCD4	0.33
USF2	-1.19
	0.44
	-1.025
USF1	0.255
	-1.07
MICU3	0.87
GLIS1	0.37
MICU1	0.39
LETMD1	-1.5
	-0.88
	0.2
NDST1	-3.62
NDST2	0.64
NDST3	-2.52
	0.45
	-0.4
	-3.47
C12orf66	0.025
NKX2-2	-0.43
	0.68
VMP1	0.57
NKX2-4	0.9
TUSC1	0.42
JRKL	0.44
PYGO2	0.82
F2R	0.24
CCDC149	-1.96
RPL27A	-0.06
PHACTR2	1.4
KCNQ3	-1.11
PSD3	0.715
PSD2	0.05
	-0.205
MGAT4A	-0.93
	0.54
VPS4B	-1.025
MGAT4B	1.035
TUT1	-0.66
BCKDHB	0.18
	1.11
HSBP1	0.56
	0.73
	0.15
	-0.225
	0.53
	2.055
VEPH1	-2.16
	-0.45
BCKDHA	-1.18
YLPM1	-0.345
	0.1
	-1.93
	-0.88
CHMP1B	-0.865
CHMP1A	-0.64
	-1.24
CTCF	0.065
UBE2Q1	0.45
UBE2Q2	1.675
ILDR2	1.34
	0.83
	-0.88
ILDR1	0.13
DHRS11	-0.37
DHRS13	-0.03
	-1.18
IQCC	0.46
IQCA1	1.395
BARX1	0.56
SPP1	-0.39
IQCE	-0.225
SUPV3L1	1.27
	-0.25
	0.5
	2.78
	0.37
KIAA0586	-0.685
C15orf39	-1.335
KRI1	-0.55
RGL1	-0.67
CTC1	0.73
DNPH1	-1.24
THBS2	0.44
THBS3	-1.53
CDC14A	0.37
THBS1	-0.84
ZNF362	-1.76
ALDH6A1	1.76
	0.45
ZNF367	-0.51
ZNF366	-0.805
ZNF365	0.54
TRAM1	-0.05
	-0.06
	-0.015
ZEB1	-0.035
ZEB2	-0.625
	1.885
	0.365
	-2.35
FAM189B	-0.265
USP54	1.45
TNFAIP8	-0.13
RLTPR	0.265
	1.57
NEGR1	1.46
	-0.14
	-0.91
	0.94
SSBP1	-0.88
	-1.93
GART	-1.36
SSBP2	1.98
	0.22
GARS	0.46
	0.14
RGL3	1.17
BPNT1	-2.51
NUP98	-0.735
NUP93	1.35
PICK1	0.81
CHGA	0.84
	-0.44
DLL3	0.09
	-2.18
	0.71
PRKX	1.11
	-0.4
ATAT1	-2.23
	0.85
ARID3A	-0.36
ARID3C	0.265
ARID3B	0.735
ALOX15B	0.93
PCCB	0.73
	-0.67
PCCA	-0.17
ANKFN1	1.23
CCDC15	-1.44
TRAM2	-1.49
UBAC2	3.25
UBAC1	0.96
	0.84
TUB	0.46
AASDHPPT	1.36
	2.05
TMED7	-1.295
TMED5	0.03
	0.03
TMED3	1.85
TMED2	0.88
TMED1	0.43
RAD54L	1.58
	-0.88
TMED9	-0.5
	-0.405
FAM129B	-0.43
	0.79
	2.8
	0.035
	-2.91
	-0.575
ADSS	0.125
SSRP1	-0.37
GRIN2C	0.635
STAG1	-0.255
	-2.01
ICA1	0.42
FGL2	0.87
IPP	-1.31
RAB11B	-0.335
SFSWAP	-0.755
	1.84
FDXR	0.19
	-0.825
ADSL	0.27
	0.89
EHHADH	0.75
UHRF1	1.22
UHRF2	-1.91
	0.76
TSG101	-0.105
MKI67	1.75
SHISA7	0.535
	1.165
	0.02
PIEZO2	-1.18
PIEZO1	0.99
	-0.65
VPS33B	1.26
VPS33A	-0.215
	-1.18
MMP28	-0.36
	-3.29
PLA2G4B	-1.07
MMP25	-1.05
MMP24	-1.93
MMP27	0.82
PRSS16	0.56
SIN3B	-0.94
MEP1A	0.2
MMP23B	0.2
SIN3A	-0.12
MPND	0.57
COASY	0.56
	0.51
BMF	-1.87
ABI2	1.67
	-1.07
ABI1	-0.365
	-1.88
OSBPL7	0.045
CPOX	0.86
PLA2G4E	-0.6
GPATCH8	-0.46
GPATCH4	-0.225
GPATCH2	0.46
GPATCH3	1.12
	1.41
GPATCH1	0.33
CBLC	-0.685
	0.61
DDX58	-0.585
TRPC5	-0.33
UGCG	0.5
	-0.33
	0.78
CHN2	0.03
CHN1	-0.75
HDC	1.655
C16orf91	0.16
	-0.75
BBS4	-0.185
	0.115
	0.325
	-0.56
MYO3B	-1.035
	-0.01
GRSF1	-0.6
TMEM50B	-2.23
TMEM50A	-1.425
D2HGDH	0.435
	1.51
FHDC1	2.59
TNFAIP3	1.02
	0.575
	1.38
ERP27	-0.38
ERP29	0.715
TMPRSS13	-1.22
	1.285
TOR3A	-0.27
SLCO3A1	-0.81
	0.73
RUVBL1	0.665
PAM	1.5
	-1.94
ASB2	-1.925
	1.01
ASB6	2.68
ASB8	-0.11
METRNL	1.63
INF2	-0.605
	1.06
	-0.39
	-0.115
	0.13
PPWD1	0.66
CHMP4B	-0.82
RRAGA	-1.035
DDI2	-0.835
RLN3	-0.03
RRAGB	-1.54
AP1M2	1.99
CELSR3	-0.465
	0.025
AP1M1	-0.265
GHITM	-0.595
WBP1	0.54
CHERP	0.06
PPA1	0.57
	1.98
VPREB3	-3.58
HP1BP3	-1.1
GNPDA1	0.115
	0.205
	1.81
RIPK1	-0.165
DNAI2	0.45
DNAI1	0.44
RIPK2	0.38
RIPK4	1.57
QDPR	0.34
EHBP1	-0.375
PTCHD1	-0.56
	0.92
	-1.57
PRKAG1	1.475
PRKAG2	-0.67
	-1.65
APBB3	0.89
	-2.77
	-0.435
	-0.09
	-0.8
GPR20	0.085
	-0.895
GPR27	1.05
	-0.13
	0.13
NAV1	-1.205
	1.125
CABIN1	-0.835
MOS	-2.34
MAF1	0.8
RHOQ	0.05
	-2.66
OSTC	1.56
RHOU	0.695
DNAJC16	0.21
RHOJ	0.77
DNAJC14	-0.67
RHOH	-1.49
DNAJC13	0.18
DNAJC10	0.7
	-0.4
	-2.46
RHOB	0.35
RHOA	-1.215
	0.13
	0.66
	-1.31
	0.74
	-0.44
	0.03
DLG1	-0.36
RNF111	-0.205
	1.15
NELFB	-0.435
NELFA	-0.425
G6PC3	1.12
	-1.86
RPL13A	-0.945
	0.2
DLG2	-1.56
HECTD4	-0.43
	1.43
C19orf38	-1.67
	-0.68
POU2F2	-0.5
CTNNA1	-1.11
CTNNA2	1.51
	-1.44
PAPSS1	-1.415
WFS1	-2.49
TMEM51	0.63
	-0.45
	-0.495
	-0.88
MAFK	0.5
	-1.43
MAFA	-0.32
MAFB	-2.105
WDYHV1	-0.7
MAFF	0.51
MAFG	0.52
	-0.85
ACTN2	-1.115
ACTN1	-2.21
FLAD1	1.75
ACTN4	-1.56
KMO	2.56
AVP	0.37
PARP14	0.585
PARP12	1.36
PARP10	0.945
PARP11	-0.715
CCDC14	-2.39
	0.75
SIAE	-1.87
OLA1	0.17
	1.52
C2orf69	-1.11
CCDC12	0.66
	-2.02
KDM3B	-0.14
HDAC10	1.67
KDM3A	-1.095
NFRKB	-0.485
SEZ6L	1.255
MRC1	-4.38
	0.395
VPS26B	-1.24
VKORC1L1	-0.205
ANKRD34B	-0.8
	0.24
ANPEP	0.79
	0.11
GATA6	0.055
GATA5	-2.575
GATA2	-0.61
GATA3	0.32
	-2.29
GATA1	-0.6
	0.805
KDELC2	-1.99
NDUFA12	-1.67
	0.89
FIBCD1	1.41
	2.29
SUCLA2	-0.06
TCF7L1	-0.385
TCF7L2	-2.635
	-0.8
	1.11
	0.44
KCNS1	-1.14
	-1.31
	0.57
WEE1	-0.775
AXL	-3.195
	1.025
MRPL10	-0.795
	1.135
PMPCA	1.46
	0.42
	1.59
	0.02
KCNMA1	-1.39
	-0.8
	1.5
	1.14
AKR1A1	-0.74
C5orf30	0.91
KIFC2	0.9
KIFC3	0.785
KIFC1	0.12
AP1G2	0.005
	0.99
	0.675
	1.07
	-1.93
TMEM192	0.77
	0.11
	-0.33
TMEM199	0.015
	0.27
	0.34
TRA2A	1.15
TRA2B	0.49
	1.44
MFSD8	-1.31
	-0.02
PECAM1	-0.975
DYM	-0.21
MFSD1	-0.565
	0.085
MFSD3	-1.18
	-0.725
MFSD5	-1.01
ETHE1	-0.325
	-0.43
SOCS1	-0.68
	1.55
	1.1
	-0.43
	0.02
	-1.18
	1.42
	0.51
STK32B	-1.18
TBX21	1.65
DENR	2.855
	0.115
AHSA1	-0.89
	0.68
	0.42
	0.275
SLIT2	2.925
SLIT1	-0.955
SAP30	0.27
	-0.495
PLBD2	-0.815
	-0.23
LAMB2	2.635
	-0.355
	-1.1
CA14	1.25
BCDIN3D	0.025
TMEM200A	0.94
	-0.605
	-0.565
SPTA1	-1.265
	-1.14
	0.65
	-1.93
	-0.56
CORO6	-0.56
CORO7	-0.225
CASP6	-0.01
THAP1	1.16
THAP2	0.08
THAP3	0.315
THAP4	-2.93
CASP3	-0.04
TRIOBP	-0.25
THAP7	-1.335
CCM2L	-1.93
IBA57	-1.79
	-2.49
AIM1	0.945
CASP8	0.8
AIM2	0.55
ABCD1	-0.35
ESAM	1.46
MUC5AC	-0.88
MAN1B1	1.31
MAP1B	0.385
YY1	-1.295
	0.2
PTRH2	1.41
CDC34	-0.095
CDC37	0.685
CEP63	1.02
	0.235
	-0.875
	-1.14
TMEM161A	1.765
ELP6	1.25
ELP5	0.285
ELP4	-1.46
ELP3	0.63
ELP2	-0.735
	-1.615
AKAP5	-1.22
AKAP6	-1.235
CRELD1	0.33
NSMCE4A	-0.145
AKAP1	0.64
	1.32
AKAP3	-1.0
SEPHS2	-0.185
SEPHS1	0.82
	-1.99
	0.345
	0.42
	-0.49
ZBTB39	-0.86
ZBTB38	0.905
RNPEP	-1.305
	0.6
SEC23IP	-0.13
CDK9	-0.585
MYT1L	0.035
	0.87
ZBTB33	2.5
ZBTB32	0.64
	0.855
TIMM44	-0.495
	-2.74
	-0.2
	0.05
	-0.26
	-0.44
	-0.985
	-0.315
CLMN	-1.15
CEP290	-2.64
MAP10	0.265
AKAP8L	-0.07
CLMP	0.67
EXOSC9	-1.12
	1.835
NDUFA2	1.43
SLC45A4	-0.52
PAFAH1B1	0.17
STK11IP	-2.355
PAFAH1B2	1.215
NPR1	0.01
NPR3	-0.38
	0.71
CCDC107	1.96
PIKFYVE	-0.845
	1.305
CCDC108	-0.01
	0.03
	1.35
KIAA0922	-0.085
MANBAL	1.14
NDUFA3	1.76
NADSYN1	0.825
ERICH1	0.63
	2.18
TMEM119	-0.8
	0.87
	-1.52
	0.48
	-0.08
TM7SF3	-0.54
	1.2
	0.76
WDR92	0.43
	0.93
NKAPL	0.49
	-0.615
	-0.21
EXOSC7	-1.165
GUCD1	0.76
EXOSC4	1.26
	-1.0
NDUFS4	0.935
EXOSC5	-0.8
	-1.07
	0.365
	0.475
KLRG2	-0.26
	0.575
WDR45B	0.56
NDUFS6	0.845
ARHGEF11	1.045
	2.0
	-0.37
IFIH1	0.085
ACTR8	-0.78
	0.1
EPCAM	-0.25
	-1.96
DTX3L	0.865
	1.03
	1.44
	0.92
SPG21	0.96
	-2.84
	1.34
	0.36
	1.88
RTKN	-0.37
	1.575
MGAT1	-0.23
MGAT2	0.14
	0.53
MGAT5	-1.83
G3BP2	-0.97
NT5C3A	0.785
NT5C2	-1.365
TOR1AIP2	-0.41
ROS1	-0.955
TOR1AIP1	1.21
PKD1L1	-1.02
PKD1L2	0.18
PKD1L3	1.62
ROBO1	0.615
	0.81
ROBO3	0.995
	0.475
	0.34
	-1.62
	0.855
TXNDC9	-0.635
	-0.37
RUNX1	-0.18
	-0.53
	1.0
ATOH1	2.395
DNM1L	0.62
	-1.14
MPC2	1.58
CDC123	-0.03
GPKOW	0.0
TXNDC5	-0.16
	-0.38
	1.31
ZDHHC16	0.355
	0.54
	0.51
SCYL3	-0.865
CBFA2T3	-0.94
SCYL1	-0.165
FAM216A	0.43
MCAT	0.775
SMAD9	-3.15
	0.72
	1.055
FSIP2	0.18
DHRS7B	2.35
CTSC	-0.41
	0.37
	0.725
ENPEP	1.41
	0.92
	-0.59
CYB561A3	1.52
	-0.66
ZNF384	0.52
ZNF519	1.06
PPFIA2	1.51
UNKL	-0.39
MRPL24	1.66
MRPL27	2.01
	1.48
MRPL21	0.91
MRPL20	0.26
VSIG8	0.07
MRPL22	1.44
RAD9B	0.16
RAD9A	2.43
VSIG2	-1.39
RRP7A	-0.24
	0.07
TATDN2	-0.03
BEGAIN	1.11
GALE	-0.4
	-0.43
	1.26
QTRT1	-0.925
	-1.53
GALM	1.26
SEC31B	-0.18
SEC31A	0.19
	-0.695
FAM161A	-1.18
	0.35
	0.025
HCFC2	1.73
HCFC1	1.395
	-1.22
	0.91
ERLEC1	0.765
CSNK1G2	0.695
CSNK1G3	1.3
CSNK1G1	-0.38
CRMP1	0.635
	1.23
PLEKHH2	1.46
TNKS	-0.67
MKRN1	0.87
	-0.59
	0.3
	-1.25
CRAMP1L	-0.225
CLP1	-2.155
ARID1B	0.11
ARID1A	-0.915
TOMM34	0.765
ATRN	-0.43
RSRC1	0.08
	-0.81
MKRN2	1.07
UROD	-2.095
ATRX	0.3
	0.32
CCNE1	0.2
ATP6V1H	2.27
DEK	0.375
	-2.24
	2.42
AIFM1	0.37
	-0.805
IVD	-0.57
CLPX	0.59
TNK1	-0.365
SPPL2B	-2.19
CD63	1.76
	0.76
SEH1L	0.06
	1.245
CLPP	0.405
CLPS	-0.19
FNBP4	0.095
NEIL2	-0.825
	0.635
CD69	-0.46
FAM184A	0.61
	-0.53
EIF4ENIF1	1.195
	-0.31
CLPB	-1.23
	0.015
ERN1	-0.055
RYK	0.9
TONSL	-0.51
UBA5	1.52
RUSC2	-0.845
RUSC1	-0.53
MTPAP	1.295
DSCAML1	-1.54
CSMD3	0.51
PCBD2	0.69
CHPF2	-1.085
GRWD1	0.31
	1.89
LRRC24	-1.28
PLCH2	-0.515
TMEM87A	-1.46
MYO19	-1.56
MYO16	0.055
MYO15A	1.28
CLPTM1	-1.345
	-1.99
TMEM19	-1.28
NUP133	0.385
ZSCAN20	0.05
CEP192	-0.015
E2F7	0.45
DMRT3	2.95
	-1.07
	-1.24
	0.69
HFE	-2.48
RAD54L2	1.055
	-1.19
	-0.45
GPR155	0.51
MRPL34	2.5
MYO1G	-1.255
MYO1F	0.05
MYO1E	-0.38
	-0.58
MYO1C	-0.835
MYO1B	-2.86
HOXC11	-1.455
GDA	1.325
SPIB	-1.54
	1.48
	0.855
BAZ2A	-0.6
BAZ2B	-0.02
LRRC28	-0.03
	-0.5
PC	-0.96
	0.645
	2.77
NMT2	-0.07
NMT1	1.58
KIAA2022	-0.725
RPGRIP1	0.21
RYBP	0.13
PPCS	-0.03
SDE2	-1.48
	-0.175
RASL12	-0.43
	0.38
DRD4	1.35
CACYBP	-0.695
SH3GL1	-0.15
SH3GL2	-1.39
BRI3BP	1.99
STK40	0.02
SAMD10	-0.53
SAMD11	0.54
RBBP7	-1.055
	-0.3
FAM131A	0.2
EPPK1	-0.105
GLG1	-1.23
SLC40A1	-5.07
AKT3	1.295
	-0.28
	-0.395
	-1.31
	1.43
	1.485
	-1.85
TOP3A	-0.455
TOP3B	-0.08
NAA16	1.055
NAA15	-0.76
	1.4
NAA10	0.215
	0.375
FUBP3	0.685
	-0.605
CCNF	0.995
EZR	-0.495
	0.235
SAP18	-0.985
TMEM179B	0.495
	0.755
CSHL1	-0.5
	-0.75
GTF3C2	0.07
UBQLN2	-0.065
	-0.245
C19orf12	1.96
PDE3A	0.04
PDE3B	-1.215
MARCH5	-0.44
MARCH4	-0.43
	-2.46
MARCH6	-1.245
MARCH1	-0.81
RBCK1	0.425
	-0.08
SLC18A2	-0.8
	1.57
AGTRAP	-0.81
MARCH9	1.1
	-1.31
ART4	-0.43
	-1.24
	-0.14
	0.57
	0.51
	0.65
	-0.125
FAM222A	-0.43
	-0.23
TAB1	0.795
	-1.11
LETM1	-0.81
CCNI	-0.4
MMD	-0.38
	-0.45
CCNK	-0.81
PRKAR1A	-0.905
ADCY4	0.075
VSIG10L	-0.43
ADCY6	-1.08
ADCY7	-0.685
ADCY1	0.365
	1.305
ADCY3	-0.79
CPD	1.27
ADCY9	-0.87
KRTCAP2	1.115
TMEM79	1.44
	0.85
IFFO2	-0.39
KANK2	0.76
KANK3	-0.08
H3F3C	3.7
KANK1	0.75
TMEM70	1.23
CPQ	1.0
	-1.24
	2.08
	-0.93
RASSF10	0.85
SLC7A8	-1.62
IRGC	-1.62
SLC7A6	1.01
SLC7A7	-0.86
	-0.25
SLC7A5	2.99
SLC7A2	-1.85
SLC7A1	0.12
	1.195
	0.715
GARNL3	-2.63
	-1.62
	-0.125
COL16A1	0.1
NRSN2	0.4
	-0.255
ZNHIT3	0.81
NMUR1	2.89
	0.705
	-0.16
SLC17A9	-0.755
RSL24D1	0.605
STUB1	0.13
SLC17A5	2.29
DNM3	-0.25
SLC17A7	-1.14
	-1.72
KARS	-0.55
EPHA8	0.11
RIN2	-0.13
	-0.04
PIWIL1	0.37
	-0.21
REEP2	0.625
PSMD9	-0.265
PSMD8	-1.74
	1.335
PSMD5	0.14
PSMD4	0.465
PSMD7	-0.665
PSMD6	0.84
PSMD1	0.485
JUND	-0.26
PSMD3	-0.985
PSMD2	-1.07
	0.355
AGPAT5	2.07
	0.86
AGPAT3	-0.77
IFRD1	-0.79
IFRD2	-1.895
	-0.33
	-1.14
MRPL2	0.545
	0.11
NPRL3	2.54
	-0.13
SLC25A53	1.23
SLC37A3	-0.845
SLC25A51	0.535
SLC37A1	1.1
ITPRIPL2	-0.665
	-0.3
	0.555
ITPRIPL1	-1.22
PKDREJ	-1.57
	-1.96
COMMD8	-0.62
ERMP1	-0.905
	1.35
	0.49
	-1.28
TMEM203	1.12
	-0.52
	0.94
TMEM206	0.2
	-0.735
TMEM208	2.75
TMEM209	1.93
ADSSL1	0.66
	1.09
	1.09
ATP5F1	1.225
ZNF446	-0.595
	-0.11
ZNF444	-0.23
ZNF445	-1.155
	0.535
	0.94
COL19A1	2.12
	2.33
ZNF449	-0.53
COMMD3	-0.75
MCFD2	0.61
	1.455
MRPL9	-0.565
	-0.605
	-0.215
	-1.15
COMMD1	0.86
TOMM40L	-0.285
	1.36
KANSL1L	0.02
RFC5	0.38
RFC4	0.04
PCDH15	0.13
RFC1	0.07
	-3.62
RFC3	1.635
	-0.31
	0.91
SLC6A12	0.85
SARS	-0.45
PNLIPRP1	-0.925
PNLIPRP2	1.54
	0.215
	-0.4
	-0.12
KLHL7	0.095
KLHL4	-2.18
KLHL5	-0.355
KLHL2	-0.53
KLHL3	-0.34
KLHL8	-1.53
KLHL9	0.27
SMAP1	0.495
SMAP2	-0.095
	-1.54
KANSL2	1.16
ZMYND8	-0.065
	0.725
PAF1	0.535
	-1.07
ATF7IP	-0.76
	0.54
UHRF1BP1L	0.55
	-1.28
	0.465
	-0.785
	-2.02
	0.295
KDM1A	-0.965
	-0.32
	-1.94
	-0.56
	0.235
FIG4	-0.57
	1.92
GCC2	1.515
GCC1	-1.11
MXI1	2.38
	0.69
	-2.96
	2.09
	-1.11
	0.605
	0.75
ANO8	-0.825
	-1.56
	-0.61
ITSN1	0.165
	-0.195
ANO6	-1.41
ITSN2	1.0
	-1.22
	-0.8
PIGC	0.36
PIGH	-0.75
FN3KRP	0.49
NKX6-2	1.51
	0.325
	-0.25
IRF3	-1.015
IRF2	-0.495
IRF1	0.69
	-0.92
IRF7	-1.36
SPCS1	-0.45
SPCS2	2.37
SPCS3	0.4
IRF9	0.36
IRF8	-0.33
HAUS6	0.86
PICALM	-0.82
	-1.39
	1.21
CLK1	0.08
CLK2	-1.76
CLK3	0.455
CLK4	-0.03
	-0.4
HERPUD2	0.91
HERPUD1	-0.47
ZBTB10	0.875
	1.165
	0.34
	0.7
	0.4
FDXACB1	-2.17
HAUS3	0.85
	-0.37
PHGDH	-0.31
	0.14
	-0.02
AGFG2	-0.815
CTTNBP2NL	0.005
AGFG1	-0.245
GTF2H3	-0.42
CDC42SE2	1.31
ZFP36L1	-1.085
ZFP36L2	-0.255
CDC42SE1	-0.935
ABHD8	-0.175
ABHD2	0.295
ABHD6	0.76
	0.575
ABHD4	1.56
ABHD5	0.84
WDR7	1.08
WDR6	-0.325
WDR5	-1.085
WDR4	-0.205
WDR3	-2.305
WDR1	-0.715
	-0.32
	-1.76
MDC1	-1.165
CCDC167	-0.6
CCDC166	-0.69
FCGBP	-0.43
	-0.01
MLXIP	0.455
	1.45
RAB2A	-0.025
	1.135
	0.055
RTCA	2.07
	1.8
	-2.23
DPCD	2.4
USB1	-0.14
	1.72
GFAP	0.785
	-1.18
	-0.56
	-1.79
TPBG	0.4
PCDH8	1.395
	0.81
MINPP1	1.19
C6orf89	-0.2
	1.63
	-0.75
TBXAS1	-1.88
ATXN2L	-0.26
GGPS1	-2.02
HNRNPAB	0.3
SLK	0.71
	0.895
	0.24
	1.39
	0.46
NT5C	0.33
	0.865
	1.105
POU3F3	3.52
	-1.25
	2.36
SAMM50	0.255
MICU2	0.98
GIN1	0.5
EBI3	1.54
FECH	0.085
	2.535
PIGK	-1.31
	-2.77
	-1.65
	1.02
	0.5
	-0.2
	0.925
BRMS1	0.53
ATHL1	0.52
	-2.52
	0.0
HCLS1	-0.735
ZNF32	0.69
	-4.04
BARD1	1.7
EMC9	0.13
ATP12A	0.45
MKS1	0.57
EMC8	2.72
SFXN2	0.61
SFXN3	0.16
SFXN1	1.94
RRP12	0.19
NABP1	0.72
SH3KBP1	-0.615
RRP15	-0.365
	-0.14
CLNS1A	0.73
	-0.625
ST6GAL1	1.07
SMS	0.02
	0.43
FUZ	0.16
USP12	-0.11
USP10	-0.96
USP11	-2.145
USP16	-0.44
AFTPH	0.87
USP14	-1.265
USP15	-0.91
USP18	1.94
USP19	-1.005
FUK	0.23
	-0.37
SEMA6C	-1.865
PRPSAP1	-0.035
PRPSAP2	0.855
RRP1B	1.15
HS2ST1	1.05
	0.58
	0.5
	0.465
	-0.675
METTL17	0.165
GANC	0.28
METTL14	-1.65
KAT6A	-0.54
HMGB2	2.05
PIGO	0.105
	-3.18
	-2.38
	1.05
	0.895
	0.725
	0.33
	-0.33
SASH3	-0.735
NAPEPLD	0.545
	1.16
	-0.335
CILP	-0.02
	-0.05
	1.23
	-0.37
	-0.205
	-1.885
FYCO1	-0.05
SLC4A1AP	-0.69
SEMA6A	-3.01
	-1.86
CXorf65	-0.03
	0.34
	-0.5
	-2.46
SYK	-0.91
	-2.19
	-0.475
TNIK	0.11
AFG3L2	-0.29
	0.875
SYT16	0.0
ZDBF2	1.34
SLC5A5	-0.53
	0.085
OARD1	0.88
	-0.66
	-0.44
FRS3	1.42
FRS2	0.05
	0.83
	-0.3
PDRG1	-1.35
WLS	0.56
	1.16
KL	0.075
	-0.81
	0.85
	1.405
MAN2B2	-0.09
ITK	-1.32
	0.66
CD44	-2.13
CD47	-1.065
URM1	-0.21
RAP1B	-0.665
RAP1A	0.54
	-1.14
SMTN	0.865
L3MBTL2	-2.06
	-2.67
L3MBTL4	-1.99
SATB1	0.34
EP300	0.465
	-1.0
GPRASP1	-0.31
NCOA2	-0.235
NCOA3	0.005
NCOA1	0.84
	1.255
	-0.03
NCOA4	-0.84
UBE2QL1	-1.685
HKDC1	0.24
NEFL	0.64
NEFH	-1.515
DNAJB6	0.175
	0.85
CHRD	-0.77
	-0.03
	0.4
	3.19
ATF6B	0.035
	2.705
RASSF5	-0.26
C5orf34	1.005
	0.92
	1.865
PIP5K1C	-0.06
PIP5K1B	0.835
PIP5K1A	1.88
PPP4R1	-0.765
PPP4R2	0.1
CCNG1	0.05
	-0.445
	0.51
ARMC8	-0.105
ARMC9	0.64
ARMC6	0.375
ARMC7	-0.975
ARMC4	-0.32
ARMC5	-0.335
ARMC2	0.91
ARMC3	-2.525
ARMC1	0.74
	0.47
	0.1
	-0.545
	-0.22
	-1.31
PRG2	2.22
	0.65
BCAP29	-1.09
	-1.44
RELL1	0.4
	-1.08
FBRS	0.07
RNH1	-0.92
	0.62
WDR70	0.39
	0.82
XRCC3	0.4
DNAH11	-1.275
CAPG	0.445
HJURP	0.08
SNIP1	0.86
WRAP73	1.54
	-1.31
WDR74	2.01
	-0.88
	-0.39
	-1.04
	-1.095
	0.22
	0.45
GSK3A	-0.275
	3.1
GSK3B	-0.135
VARS2	-0.235
	1.32
PRKAB2	0.4
DMWD	0.02
	0.5
BLMH	0.7
FAM65B	0.63
	1.01
SPHKAP	0.82
TFAP4	0.17
PMF1	3.46
ISCA2	2.15
SDC1	-0.025
CATSPER2	-1.24
SDC3	-1.955
SDC4	-0.62
	0.08
MAPK14	-3.86
MAPK15	0.08
AGAP3	0.45
MAPK11	1.72
MAPK12	0.91
MAPK13	1.63
	0.365
SLC19A1	-0.47
	0.82
	-0.025
PIGZ	-1.92
CAMK1D	-0.45
	1.42
	0.235
	0.95
	0.0
	0.85
	1.44
GCSH	-1.18
MGEA5	-0.305
HNRNPUL2	-0.735
HNRNPUL1	-0.495
GLE1	0.08
LGALS12	0.13
NAA38	0.32
GPBP1L1	0.58
NAA35	0.54
	0.49
NAA30	-1.23
METTL21A	0.66
CALCOCO1	-1.72
TRIP10	0.38
TRIP11	-0.675
TRIP12	-0.375
TRIP13	-0.335
	-0.365
	-0.42
	0.865
KIAA1143	-0.91
NKD2	-0.91
PDE1C	0.54
PDE1B	-0.345
	0.93
AIF1L	-0.38
ADAM8	0.685
ADAM9	0.46
	-0.61
	0.27
AATF	1.89
CD36	0.03
	-0.02
AATK	-1.125
CD37	-0.98
ZYG11B	-0.605
	1.96
FAHD2B	-1.86
	0.73
RPSA	-0.97
AP2M1	-0.465
SNRNP25	-0.125
MKRN3	-1.57
SNRNP27	-0.155
IGFN1	-1.62
	-0.215
EDF1	-0.075
SERPINA10	-0.43
TMEM11	0.6
	-0.5
	-0.5
KIF3B	0.42
	1.85
	-1.39
ITPA	0.57
PDE12	-0.905
ORAI2	-2.21
PDGFRB	-0.81
PDGFRA	-3.07
ORAI1	2.93
	0.995
ZNF322	0.16
KIRREL	-1.89
	-2.61
	0.85
TTC28	-0.585
MTA2	0.335
BDP1	0.35
TTC24	1.23
COX7A2	0.15
TTC27	-0.825
ARL5A	-0.53
ECD	-1.05
ARL5C	0.19
UFL1	0.0
ZNHIT2	0.99
ZNHIT1	-0.49
ZNHIT6	0.375
NFIL3	-0.275
	2.46
PCDH12	-2.18
ASCC3	0.185
EHD4	-0.73
	0.305
PCDH17	-0.62
	0.55
DUSP4	-2.26
	1.37
	-0.33
NPM1	-0.005
ASCC1	-0.18
	-1.11
	-0.625
KANSL3	0.735
	0.02
KANSL1	-0.835
	0.16
	0.9
KIF24	0.0
PSMF1	1.54
	-1.92
SRP68	-0.325
KIF23	0.65
KIF22	-1.28
	0.765
	-0.35
	0.91
DAPK1	-0.4
	-0.76
	-0.975
ATMIN	0.935
RSBN1L	0.88
	0.305
ADIPOQ	0.1
	-0.11
	1.05
	2.24
	0.2
	1.06
MEN1	-3.57
PMEPA1	1.77
	1.46
KIAA1033	-0.125
	0.0
TMEM222	1.67
	1.34
TMEM221	0.13
NABP2	1.72
	0.235
ZNF462	0.06
ACAD11	-1.47
ZNF467	-0.74
	-1.255
	-0.49
NSF	-0.6
ATP2B4	1.385
SPNS1	-1.01
UGDH	0.14
SPNS2	-2.73
	0.67
	-0.365
	-0.3
KIF2A	0.185
KIF2B	-1.56
KIAA1522	-0.72
	-1.1
	0.49
GABARAPL2	-0.135
GPR18	-0.515
MEGF10	-1.87
MEGF11	-1.25
	-1.41
POGZ	0.235
	0.54
KHNYN	-0.45
YPEL2	0.2
GNG5	-1.47
	0.76
IQGAP1	-0.795
	-0.815
LY9	-0.23
	0.445
ECH1	-1.91
	0.02
MIPEP	1.33
DPY30	0.18
	1.8
	-0.185
SAT1	-0.625
SAT2	-0.44
SLC6A2	1.735
ATG16L1	0.68
ATG16L2	0.35
MYLPF	-0.175
LFNG	-1.515
	0.13
SLC6A6	-0.38
	0.99
	-0.86
S100A10	-0.805
PCYT2	0.34
	3.79
SRA1	0.8
OXSR1	0.81
	3.785
LYN	-1.26
DOC2B	1.57
	1.12
EML2	-0.305
	-0.755
KIF6	-0.25
	-0.8
KIF4A	1.415
NCDN	-0.24
PDE7B	2.01
MNS1	0.615
AMACR	0.27
ZFAND5	1.58
ZFAND3	0.01
ZFAND1	-1.52
	0.7
TUBA8	0.78
FAM19A3	-1.19
	0.765
CUBN	0.28
HP	1.68
UIMC1	-0.52
LIFR	0.0
C5	-0.375
AMOTL1	-0.84
AMOTL2	-0.185
LMBR1L	-1.315
	1.23
PGM2	1.385
FAM20A	0.28
FAM20B	1.55
FAM20C	1.215
	-0.7
TMEM132E	-1.035
TMEM132D	-1.99
TMEM132A	0.42
TMEM132C	-0.4
TMEM132B	0.21
	-1.54
	0.2
	-1.1
	-2.74
SPAG8	-1.31
SPAG9	-0.93
SPAG7	-0.325
FOSB	-0.475
SPAG5	0.225
AP4E1	0.96
	-0.8
ASTE1	0.03
WDSUB1	-2.86
SMARCD3	0.73
SMARCD2	-1.105
SMARCD1	-0.38
NCAPH	0.61
NCAPG	1.23
	-0.38
CD3G	0.265
	-0.295
TIMM10B	0.11
RPF2	-0.51
	-0.67
BLZF1	1.65
ROCK1	0.53
ROCK2	1.39
	-0.91
GPC1	0.98
GPC2	-0.405
GPC4	-2.68
	0.025
	-1.9
	-0.27
KLRC1	0.08
TGFB1	-1.425
	-1.94
	-3.01
	0.61
BBS1	-1.62
PLCG1	-0.185
	-2.02
PRKAR2A	-0.37
TARBP2	-0.955
	-0.62
TIGD2	0.4
TIGD5	0.675
DCSTAMP	0.85
KIF7	1.3
EIF4A2	-1.215
MAN1A2	-0.185
NR1H3	-3.22
	1.585
	-0.535
	-0.39
	0.01
	1.495
ZNFX1	0.25
	-0.09
	1.5
H6PD	0.3
	-1.56
ACBD3	-0.71
	1.285
ACBD6	1.26
ACBD5	-0.05
ACBD4	-0.61
	-1.28
HBS1L	0.29
ZMYM2	-1.47
ZMYM3	-0.265
FAM160A2	-0.255
ZMYM1	-0.25
ZMYM6	-1.87
ZMYM4	1.42
ZFAND6	1.3
	-1.18
AMPD2	-0.68
AMPD1	-0.17
TOP1	-1.095
	1.58
CCDC141	1.43
	-2.55
	2.52
CCDC142	0.945
TGFBI	-0.465
PHYH	2.11
DPM3	-0.08
	-0.02
SLC50A1	1.77
	0.91
	0.1
TWSG1	-0.14
	-1.22
LYPLA1	0.58
LYPLA2	2.16
TYW5	-1.1
ZNF208	0.1
	1.8
POLR3F	0.65
POLR3G	-0.88
POLR3D	-0.43
	0.19
POLR3B	-1.845
POLR3C	0.52
DTNBP1	0.205
	-0.37
POLR3K	1.3
POLR3H	0.49
OR10S1	0.54
	1.015
RRP36	-0.425
ATP10A	0.555
ATP10B	0.51
NR2F6	-2.92
NR2F1	0.34
TMEM200C	-0.37
NR2F2	-0.33
TENM3	-0.135
TENM2	-1.57
TENM1	-0.53
	-0.81
TENM4	-1.485
MIOS	-1.39
GPALPP1	0.385
	-1.54
LUZP1	-1.22
STARD10	0.7
CPSF3L	-1.68
STARD13	0.37
CASC5	0.945
	0.13
XKR4	1.98
DLGAP5	0.08
	1.445
TTPAL	0.26
	-1.39
	0.245
USP39	-1.005
	1.195
ADRA1B	1.09
	-0.43
	0.2
	-1.31
ACOT9	-0.115
USP31	-1.12
USP32	-0.13
USP33	0.505
USP34	0.35
USP35	-0.28
USP36	0.76
USP37	0.045
	0.21
	-0.56
	0.04
	-1.39
	0.645
PPP1R15A	0.7
HR	1.46
PPP1R15B	-0.14
	-1.18
	-0.43
DCAF4	1.715
TSN	-0.595
	-0.9
	-0.75
COPZ2	0.4
CYP1B1	-0.215
	0.76
	-1.07
	1.93
COLCA2	0.14
	0.95
YWHAG	-0.99
SSH2	-0.805
SSH3	-1.07
SSH1	-1.645
	-1.79
TST	-0.49
	-0.035
	1.315
	0.18
SMOX	-3.4
PTPRCAP	-0.41
PRKCH	-1.045
AXIN1	0.79
SPRED1	-2.16
	-0.58
	0.51
RDH5	-0.535
	1.55
	-0.08
DAP	0.9
	2.04
CIC	-0.25
KCTD12	-1.23
	-1.255
KCTD17	0.51
CX3CR1	1.18
HMGCL	1.02
NAP1L1	0.98
PLRG1	-1.93
NAP1L4	-0.65
NAP1L5	-1.19
	-0.8
GMDS	0.18
CYP4F12	1.37
HMGCR	0.005
FGF8	1.1
FGF7	1.25
CCDC61	-1.515
	0.595
	-1.19
GET4	-0.22
UBLCP1	-2.53
	-0.03
EXOC6B	0.9
	1.67
CD22	-0.41
CCDC62	-0.11
CD27	-0.575
	-0.135
SETDB1	-1.69
	0.91
	-1.57
ZNF180	0.36
	0.16
	-1.24
	0.455
DPYSL4	-1.25
	0.16
PIGS	-1.605
	0.355
	-0.685
SAP30L	-0.4
PALB2	-1.04
ARL6IP4	0.13
DAB2IP	0.41
ARL6IP1	-1.02
	0.38
SLC35B1	1.13
PES1	0.21
SLC35B3	0.03
SLC35B2	-1.41
REL	1.01
	-2.01
CHPF	0.215
	1.77
	-0.88
	0.61
PSMB10	0.19
UBR7	-0.245
	-0.015
	0.845
PIGM	1.25
	-1.04
BTBD7	0.705
	-0.99
	1.535
	1.75
FPGT	0.88
FPGS	-1.615
DENND5B	0.235
DENND5A	-0.05
MUC2	-2.34
PPP1R9A	0.095
PPP1R9B	0.035
CPT1A	-2.225
TCTN1	-3.62
C5orf24	0.87
	-0.215
CHP1	-0.035
AGA	0.475
	-0.655
GGCX	-1.53
	0.71
TSEN2	0.015
	0.93
XYLB	2.8
AKAP8	-2.01
SPATA1	-1.19
	1.3
PGM2L1	1.12
PCYT1B	1.72
MYEF2	-0.505
	-2.46
CPA2	-0.37
CPA3	3.785
QSOX1	1.525
VAPB	1.41
VAPA	2.95
ITFG2	0.49
	0.34
SYNPO2L	0.85
	-1.19
DGKZ	-0.47
PUS1	0.93
	0.52
PUS7	0.42
DGKQ	0.07
CSAD	0.23
DGKH	-0.555
DGKI	-1.73
APC2	0.845
TMEM185B	0.985
DGKB	-1.28
	2.27
	-0.28
DGKA	-0.71
DGKD	-0.11
DGKE	-1.07
	-0.43
	-0.72
OGT	-0.105
	0.13
TCP1	0.475
	0.535
	1.58
PWWP2A	-1.67
SUGP1	0.695
	-1.19
	-0.805
IL7R	-0.255
DNTTIP1	0.05
	0.46
	1.1
EVL	-0.995
	0.815
NUP155	0.33
EVC	-0.81
	0.585
	-0.45
OR2C1	1.15
BICC1	1.805
	1.85
	-1.52
	-0.375
	-0.43
	-0.8
	-0.03
UBN2	0.405
UBN1	-0.235
	-1.78
	0.16
HEATR5A	-1.255
NAA50	-0.76
	0.54
CREB3	0.06
ADRA2A	1.235
CREB1	0.56
	-0.18
IMPA1	0.285
	-0.38
B4GALT1	-1.855
RETSAT	0.92
B4GALT3	-0.49
FUT8	0.67
B4GALT5	-1.82
B4GALT7	0.01
EHMT1	-0.26
	-1.93
	1.18
EHMT2	-0.35
QPRT	-0.91
	1.055
	-0.21
LRRC16A	0.85
	-1.93
FAM46C	-1.14
PDE7A	1.41
RHAG	1.17
	-2.35
	-0.88
	-1.29
	0.94
AGGF1	0.795
	2.07
	0.37
	-1.53
	-0.11
GNAO1	-0.37
	0.57
	1.36
SFN	-0.975
ELK3	-1.58
ELK1	-1.79
WDR75	1.355
	-0.8
	1.39
	-1.07
	1.325
CYR61	0.87
MZT2A	-0.225
NCAM1	-0.17
	0.57
TANK	0.54
RAP1GAP	-0.01
PAMR1	-1.07
AAR2	2.32
	-0.45
TMEM33	0.12
FAH	-0.86
CNEP1R1	0.83
	-1.03
NCKAP5	-1.335
	-0.915
ELMO1	-2.355
NCKAP1	-2.34
CSNK1A1	-0.485
PLXNC1	0.81
PGD	0.465
RPL37A	-1.25
CRYZ	-2.42
	-2.64
	0.84
	-0.375
RABGGTB	-1.14
DOK3	-0.485
DOK1	-0.75
F11R	0.32
PGP	0.235
	0.84
F2RL1	-2.21
	-0.81
	2.415
DNMT3B	1.335
	0.57
DNMT3A	-0.53
	-0.75
	-0.56
C1QC	-3.04
DNMT3L	1.93
C1QB	-1.36
MELK	1.78
MIF	-1.11
	-1.07
ADRA2C	-0.545
RIMS1	-1.695
	0.67
TNFAIP8L2	0.8
IGBP1	-1.79
	1.055
TNFAIP8L1	0.02
SSR1	0.0
	0.88
RANGAP1	-1.065
CYP2S1	1.42
	1.395
	1.005
CD247	-1.365
PLXNA3	-0.495
	0.1
CYTIP	0.835
PRKCZ	-1.34
NKX2-3	0.14
	-1.18
CAAP1	-0.395
DDHD1	1.71
DDHD2	-0.02
	1.05
	1.665
PDZD11	1.36
COX10	0.305
	0.975
ZDHHC20	0.355
ZDHHC24	-1.11
	0.87
ZNF408	0.385
	-2.93
ZNF407	0.27
CDK11A	0.575
	0.61
RBM26	0.145
RBM27	0.535
RBM24	-0.39
	0.28
RBM22	-1.055
FGF4	1.48
RBM20	-1.12
COX17	0.78
ENAH	0.105
RBM28	0.55
NUBP1	0.09
CLOCK	0.11
	-1.585
EGFR	0.73
WISP1	0.45
FCGR2B	-0.78
YKT6	-1.03
IMPDH1	0.23
LPAR2	0.225
	0.245
SH2B2	0.645
SLC25A5	-0.1
SH2B1	-1.485
KIF20B	-0.33
LEF1	-1.45
IREB2	0.21
	1.64
GSPT2	-0.125
GSPT1	-0.295
	1.615
STMN1	-0.1
STMN3	-0.43
	0.56
EIF2AK1	-1.585
LPAR6	-1.85
EIF2AK3	1.26
EIF2AK2	1.15
EIF2AK4	0.745
TMEM183A	-0.25
	-1.075
	0.03
	-4.13
SLC25A19	1.4
FKBP1A	0.73
SLC25A17	0.01
	0.58
SLC25A13	0.93
SLC25A12	-0.59
	-2.67
SLC25A10	-1.93
	-2.83
BBS9	-0.22
CSPG4	0.66
CSPG5	-0.37
	-1.25
NUDC	0.45
SPINT2	-1.035
CRBN	0.285
	0.145
PITPNM3	0.4
PITPNM2	-0.475
F12	0.09
F10	-1.92
	0.2
KIAA1462	-1.52
DERA	-0.4
LAMC1	0.92
	0.305
	-0.185
CADPS2	-1.24
PFKM	2.11
C16orf54	-0.02
NEDD4L	-0.24
SLC12A6	-1.095
	0.45
	0.79
C19orf43	0.41
	-1.245
KDM6A	-0.185
MTFR2	0.77
IFITM3	1.37
IFITM2	1.355
	0.395
	1.545
	1.06
	-0.805
	-0.345
SCD	0.96
SELPLG	0.02
	2.69
TUBG1	0.01
MPEG1	-1.95
COPG2	-1.08
	-2.68
COPG1	-0.69
RAC2	-0.715
TBKBP1	0.625
SNAP91	-1.89
	0.0
CWC25	1.07
	-0.435
ADAM17	-2.035
ZNF518A	0.4
CWC22	-0.575
DES	0.63
	-0.87
	0.12
SPECC1L	-0.91
	0.775
DCP1B	0.605
DCP1A	0.545
PPP5C	-0.26
SUCO	0.02
GUCY2C	-0.18
MICALCL	-1.395
	-0.245
FIGN	2.08
KIAA2026	0.82
KEAP1	-1.025
	0.385
	1.13
CD19	0.26
	1.51
	1.79
ZAN	-0.055
ERAP1	0.475
	1.81
UMPS	-0.065
	1.515
	-0.33
	0.87
SMIM7	0.37
TXNL1	0.535
NALCN	1.13
	-0.725
SLC4A5	-2.19
ANK1	0.405
	0.675
	-0.485
FMO5	0.74
NR1H2	-0.21
SLC4A3	-0.77
SLC4A2	-1.545
	-0.025
LYAR	-0.14
	-0.44
CUL7	0.155
SLC4A9	-3.25
SLC4A8	0.03
	-1.58
CUL3	1.55
PLA2G6	1.185
SYNJ2BP	1.17
HSPA4L	-0.01
MYLK3	-0.91
OVCA2	-0.78
PTP4A3	0.16
PTP4A2	0.68
	0.005
	1.43
PGAP1	-0.62
DCBLD2	0.425
	1.41
	-1.07
	0.07
	1.42
	1.65
RARS2	1.2
CDH1	2.89
	0.255
	0.16
GPAM	-1.07
CLCC1	-0.49
NT5C3B	0.115
	-0.14
	2.71
	0.2
COL6A1	0.16
COL6A3	-0.38
	-0.335
COL6A5	1.07
	0.345
COL6A6	0.61
	-0.43
	0.76
	1.43
EEA1	0.445
UBL7	-0.815
	2.05
CEP57L1	0.18
	0.11
NEURL3	-0.355
NEURL4	-1.015
EFCC1	0.535
DMTF1	0.335
	0.44
GSX1	1.32
	0.095
	1.465
ZNF672	-1.17
	-0.44
ENOPH1	-2.63
	0.02
	-1.87
TXN2	-0.31
POLR1A	-0.54
POLR1B	-1.43
POLR1C	-0.69
POLR1D	-1.795
POLR1E	0.07
	0.075
	0.705
C6orf120	-1.85
	0.87
	0.76
TGIF1	1.83
SOX21	-0.53
	0.215
	1.38
	0.12
	0.91
	1.41
THSD4	-0.815
	1.34
	0.085
THSD1	-0.725
CREB3L2	-1.625
	-0.49
	-0.33
SNX29	-0.47
PLEC	-0.17
	0.57
	1.51
NMB	-0.92
SNX20	-0.56
PLEK	-1.035
SNX27	0.885
SNX24	-0.39
	0.76
FAM181B	-1.28
FAM181A	1.22
	1.07
	3.935
QRICH2	-0.325
QRICH1	-0.265
	-0.45
	-0.285
MCF2L	1.37
	-0.86
MRPL42	0.83
	0.13
	-0.25
MRPL47	-0.43
MRPL46	1.07
MRPL45	0.81
MRPL44	0.65
MRPL49	-1.295
MRPL48	0.89
	-1.11
	-0.28
	0.2
ANO7	-1.56
	-1.07
NIT1	-1.07
ZMYM5	0.19
OAZ2	1.32
OAZ3	-0.37
OAZ1	-0.43
AMPD3	0.105
	-1.54
TIPRL	-0.43
PPP1R13B	-0.69
PIK3IP1	-0.745
MARVELD2	0.5
SH3BGRL	0.73
	0.49
SMPDL3B	-1.11
SMPDL3A	-0.93
CTDNEP1	0.205
	2.79
RBPJ	-1.15
	0.375
FAM110A	-0.87
ADRA1D	1.64
FAM110B	0.105
	-0.18
CIPC	1.8
PTGDS	1.215
KLHDC7B	-0.03
	0.66
	-0.265
	-0.75
	0.23
DCN	-1.47
PRCP	1.44
MTBP	2.16
	-0.11
HIST2H2AB	1.405
ONECUT1	0.82
	0.13
	-0.175
PAICS	-0.855
TNFRSF21	-0.955
	0.515
UBR3	-0.28
NFE2L2	0.44
GNAT1	0.0
C1orf131	-0.22
TSTD2	0.59
	0.49
NFE2L1	-0.87
	-1.44
FGD5	0.815
FGD4	1.595
	0.045
FGD6	0.9
FGD1	1.62
FGD3	0.81
FGD2	-0.735
TIMELESS	-0.47
RBL1	0.32
	2.125
GMFB	0.2
	0.91
SNAPC3	-0.64
	1.17
SNAPC1	-1.65
RBP3	1.02
STXBP5	-0.36
SNAPC5	0.095
SNAPC4	0.05
FMR1	0.405
	0.75
	0.975
	-1.53
URI1	0.93
IGF2R	-0.875
NT5M	-0.49
FAM210A	-1.9
SERPINC1	-0.75
	-0.225
	0.37
CELF5	0.5
NT5E	0.28
CELF2	0.215
	-0.8
CCDC148	-1.565
	0.9
	0.445
UBR1	-1.235
DPM1	1.07
NRXN2	-0.4
	-0.285
XIRP1	1.155
XIRP2	0.975
KRAS	0.14
PIM2	2.32
IFT172	-0.4
	0.355
	-0.4
	2.4
	-1.56
	-1.52
EZH1	-0.54
	1.73
EZH2	-0.635
KCNQ5	-0.375
DDX19A	-0.33
SLC35D2	-0.01
SLC35D1	0.095
DDX19B	-0.99
ZNF23	-0.33
	2.895
ZC3H10	0.35
	0.81
	1.82
	0.3
ADAMTS2	-0.41
ALX4	2.59
VDAC3	0.775
VDAC2	-0.43
VDAC1	-0.02
IL18BP	1.29
RALGAPA1	-0.035
RALGAPA2	0.58
	1.15
AES	-1.11
	0.22
RCN2	0.625
RCN1	1.85
VPS28	-0.475
RRP8	0.285
RRP9	-0.545
NPEPL1	-1.205
	0.27
	0.365
NTRK1	0.665
PCDHGA5	-2.46
DNA2	2.425
PHIP	-0.03
CHCHD2	-0.165
DTWD2	-1.31
GRAMD1A	-0.56
AEN	2.41
IL10RA	-0.985
VARS	0.035
PPP6R1	-0.425
	1.335
SIDT1	-0.7
	0.67
EPSTI1	-0.54
SIDT2	-0.255
POLR3E	-0.525
	-1.44
LCORL	0.38
MAP3K15	0.145
CDC37L1	0.29
OAF	-0.49
	0.12
	0.445
	0.51
	-0.38
IL10	-0.01
	-1.22
POLR3A	1.04
	0.09
IL16	0.52
	-2.02
OAT	-0.905
KIFAP3	-0.8
NUDT16L1	0.005
PPIG	0.78
	-2.67
BANK1	0.105
PPID	0.41
	0.02
PPIB	1.265
	1.285
PLVAP	0.64
TP53INP2	0.23
IGF1R	0.51
	-0.49
	-0.53
NRP1	-0.83
UBD	0.19
C20orf27	0.76
MFSD12	-0.01
NRP2	-1.73
ISY1-RAB43	-0.995
UBC	-0.135
	0.13
GALNT3	-0.3
TBX2	0.065
AXDND1	0.13
	-1.18
	0.6
CDCP1	0.465
AQP4	-0.38
AQP3	0.75
UBL3	1.41
NPL	-1.99
	0.45
	0.235
ENOX2	-2.16
BAX	0.59
IL1A	-2.42
IL1B	-1.25
LHFPL2	-1.54
XPOT	-0.985
TAX1BP1	-0.04
SMIM12	2.11
SMIM15	0.13
	-0.41
SMIM18	-1.39
UBE4B	-0.735
SPOPL	1.035
IK	0.17
SLC9A3R2	0.82
COX6A1	-0.62
	-0.43
PRKRIP1	-0.9
	0.46
HOXA11	1.74
TAL1	0.075
	0.44
	0.4
AHCTF1	0.56
TYSND1	-0.26
HNRNPR	1.155
ACSL1	0.14
HNRNPU	-0.66
ACSL4	-1.76
ACSL5	1.49
ARL11	0.91
GDI2	-1.37
HNRNPK	0.02
HNRNPL	-0.71
HNRNPM	-0.28
ARL16	-0.92
NETO1	-1.19
	0.82
HNRNPC	-0.335
	2.37
PDE5A	0.2
	1.41
	-2.16
	0.87
	-1.25
	-1.07
KHSRP	-0.51
	0.415
	0.77
	2.525
STK25	-0.45
STK24	-0.81
	0.38
TNNC2	-1.31
	1.2
	-0.91
DDA1	1.34
MARCKSL1	-0.36
	-1.93
	-0.25
WBSCR22	-0.25
TOE1	-2.43
TMEM151B	0.76
	-2.35
	1.345
IGSF10	-0.27
MANF	-0.805
ANKS4B	0.28
	-0.93
PIN1	0.575
ZC3H8	1.24
PIN4	0.86
FZD1	1.01
FZD4	0.16
FZD5	-1.65
FZD6	1.42
FZD7	-0.23
FZD8	-1.18
NINJ1	-0.45
PLXNA1	-2.975
	0.385
	-0.42
RPL35A	0.055
	2.07
	0.69
CERKL	-0.38
HCST	3.63
CIITA	-0.71
TJAP1	-1.03
	1.42
	0.395
	0.945
	0.77
C5orf42	0.68
	1.73
PPP2R2D	0.275
CCDC96	-2.17
CCDC97	-0.235
PPP2R2A	0.395
SGK223	-0.48
	0.605
	-1.65
	0.925
	0.23
	1.145
PSMB9	1.09
PSMB8	0.14
PSMB7	-0.185
PSMB6	0.245
	-1.0
PSMB4	-0.76
EIF5B	0.33
SDHC	0.93
PSMB1	-1.545
POLG	-0.91
	-0.4
	0.63
	0.12
	-0.315
	0.03
	-0.36
ZNF790	0.035
	0.505
	1.925
EEF1E1	-0.03
	-1.76
RAB44	0.11
PGAM5	2.08
CD226	0.27
RAB43	-1.0
TRIB2	0.64
PGAM1	0.275
	1.51
CAPN7	0.49
CKB	-2.18
	0.71
MRPS28	1.54
PREX1	-0.515
SLC7A14	0.93
KCNK5	2.76
KCNK6	0.985
MRPS25	0.23
SLC7A10	-1.14
MRPS23	-0.74
KCNK2	0.37
MRPS21	1.535
	0.84
ZNF426	0.84
HIST1H2AE	0.49
HIST1H2AA	0.665
	-0.44
PUM2	-0.205
HIST1H2AM	-0.095
	0.4
ANK3	0.34
	-0.37
	-1.18
HIST1H2AK	1.1
NAT10	-0.42
USP38	-0.345
	-0.02
PLEKHO1	0.285
RAB4B	-0.195
C19orf66	0.565
SPICE1	-2.115
DENND3	-0.735
ITIH6	-0.21
	-0.5
SMAD5	0.885
AHNAK2	-0.94
HPGD	-0.58
	0.385
ZNF668	1.045
NDUFA7	0.23
NDUFA4	-0.41
NDUFA5	0.245
DEPTOR	1.09
	0.1
NDUFA1	0.315
ATP6AP1	-0.43
TIMM50	-0.53
NDUFA8	0.03
NDUFA9	0.235
LRCH4	-0.355
ARHGAP31	-0.98
ARHGAP32	-0.185
DRAM2	-1.39
	1.31
LRCH1	-0.425
LRCH3	-1.305
ARHGAP39	0.085
	0.21
CEP97	-1.34
TMED8	-0.9
CEP95	0.775
	0.115
ACOT13	0.61
	0.4
	1.01
ECT2	-0.365
SSNA1	0.73
HUWE1	-0.085
PCDHGA8	-0.555
	3.37
	-2.66
SLC25A36	0.12
	-0.38
ADAM33	0.13
SLC25A33	-1.32
	1.17
	-1.26
	-0.4
	-0.03
SLC25A38	0.11
HEATR6	-0.385
	0.02
HEATR3	-0.975
HEATR1	-0.495
POC5	-0.835
ISPD	-0.53
C5orf15	-0.68
	0.76
XPO5	1.82
RTN3	-0.92
	2.15
	-0.26
DDX17	-0.34
DEF6	0.405
DDX10	0.385
TIPIN	-0.305
CR1L	-1.045
DEF8	-0.155
SLAIN1	-0.065
DDX18	0.045
	1.42
	-0.88
RC3H2	-0.82
IGHMBP2	0.47
ARNT2	-0.33
GPR107	-0.095
	1.93
NOC4L	0.8
COL1A1	0.06
CMIP	-0.72
IPPK	-0.135
FAU	-0.21
	1.165
	-1.3
	0.84
SRSF7	0.34
CDKN2A	0.5
SRSF1	-0.965
CDKN2D	2.74
SRSF2	-0.335
SRSF9	-0.38
	0.03
	-1.39
	-0.685
	0.625
DOHH	0.32
C1orf53	-1.39
	-0.12
TLL2	-1.99
SLC38A6	-0.03
SLC38A1	-2.49
NCK1	-1.66
NCK2	-1.505
TC2N	-0.43
DARS	-0.71
HCN3	-1.68
ATP6V0E1	0.37
LRRC1	0.785
	-0.68
LDLRAD4	1.3
PRTG	-2.08
NPM3	0.88
C6orf203	-0.24
	1.075
RGMB	-0.56
NEURL1B	1.755
	0.21
SUGT1	-1.99
PRPS2	-0.62
	-2.34
PRPS1	-0.375
PRKCA	-0.01
PRKCB	-1.22
PRKCE	-2.0
PRKCD	-1.15
PRKCG	-3.26
C9orf3	-0.56
	-0.37
	-0.8
	-0.01
	3.715
TMEM181	1.17
	1.095
PRKCQ	-1.375
	0.865
	0.46
	-1.14
MNAT1	-0.14
	0.91
	-0.54
	-1.155
MPRIP	0.015
SLC25A30	1.48
CHRM4	2.04
	1.33
	0.14
MYO18B	-2.22
	1.675
ZIC2	1.41
ATG7	-0.8
	-0.26
	-1.24
	-1.57
PRDM16	-1.25
	-0.43
	-1.33
	-0.43
	-1.31
PABPN1	-0.11
	-0.26
	0.91
	-1.07
	-0.03
	0.35
PRDM13	1.48
	0.26
SNTA1	-1.02
CDV3	0.615
PRDM10	-0.275
	0.74
ARMCX6	-1.18
ARMCX4	-0.84
ARMCX3	-0.92
ARMCX2	0.055
TMEM86A	0.26
KLF7	-3.51
KLF6	0.19
KLF5	-0.4
KLF4	1.455
KLF3	-0.71
KLF2	-0.31
KLF1	1.86
CPNE2	0.02
	-0.45
	1.34
KLF9	0.61
	-1.94
ZC3H11A	-0.5
PRR14	0.19
IFFO1	1.23
RUNDC3B	-2.19
NCAPD2	0.295
CPNE6	-0.055
CLTA	0.155
	2.055
NT5C1B	0.4
NT5C1A	1.855
SYTL1	-1.01
	1.3
PRR18	-0.33
	0.45
	0.39
GPR37L1	0.76
IL18RAP	2.32
HACL1	0.79
REST	-1.06
ASCL5	2.62
	0.44
C12orf4	-0.08
	1.08
	-1.02
TWISTNB	0.56
	-2.11
CCDC181	-2.2
PATZ1	-0.07
	0.7
	0.54
	0.875
	0.185
	1.03
	0.315
	0.43
ZNF653	1.065
ZNF652	-0.475
	0.14
	1.09
HAGHL	0.14
ZNF655	-0.35
ZNF654	0.075
CTBP1	0.43
	1.025
	0.195
TRMT1L	-0.2
GAD1	-1.03
GAD2	-0.66
	0.315
SRSF4	-0.65
	1.695
	1.735
	-0.24
	1.43
	0.065
GATAD1	0.375
RPAIN	0.54
AJUBA	-2.39
	0.38
	0.13
TRMT11	0.955
TRMT12	1.1
TRMT13	1.3
NFX1	-0.265
CDH20	-0.055
	-1.62
CDH22	0.69
CDH23	-0.845
CDH24	0.435
	0.195
CDH26	0.98
	0.08
	7.34
	-2.08
	0.12
TCEAL6	0.03
	-0.17
	-0.24
	0.06
KIAA0907	-0.5
SRSF6	-0.275
	0.93
	1.54
PARP8	-0.03
PARP9	-0.845
NUMA1	-0.59
PARP4	0.4
PARP6	0.08
	-1.85
PARP1	-0.705
PARP2	0.025
PARP3	-0.565
ZCCHC9	-1.18
PKP4	1.57
SRSF11	-0.59
SRSF10	0.145
	-0.36
CD38	-0.885
ZCCHC3	-1.015
ZCCHC2	0.495
ZNF524	-0.02
ZCCHC6	-0.28
ZCCHC4	0.68
RENBP	0.11
	-0.19
LRP12	-1.14
	1.08
MIEF2	0.73
	0.18
	-1.23
	-1.04
POLRMT	-0.225
HIST1H2AD	1.465
VTI1A	0.405
	-0.72
SND1	-0.57
VTI1B	-0.705
ACO1	-1.64
MYH7B	0.19
ACO2	-0.355
THTPA	1.02
	-0.43
	-1.18
KLHL35	0.05
AVL9	1.08
ZNRF3	0.36
KLHL30	0.665
RBM34	-1.705
	-0.92
	-0.76
GTPBP1	-1.9
GTF2IRD1	-2.18
	-0.93
NINL	1.3
	-0.86
	1.96
	1.08
TEAD2	1.44
MTDH	-0.38
SEPT8	-0.615
	0.765
HMGCS1	-0.04
CIR1	-0.04
	1.23
TRERF1	1.63
WT1	1.72
	0.61
THG1L	-1.07
STAM2	-0.82
	-1.22
	-0.465
	-0.4
HEMGN	0.145
LRP1B	-0.265
RAD1	-1.36
ZIC5	2.05
SERPINB1	0.635
	-1.39
CHID1	1.33
	0.49
	0.38
SEPT7	-0.43
	1.05
	-1.31
KMT2C	-0.32
KMT2B	-0.845
FBXO18	-0.11
CYTH2	-0.63
AHCYL1	0.125
	0.87
KMT2E	0.685
AHCYL2	2.405
SEPT1	-1.045
FBXO10	2.08
FBXO11	-0.73
FBXO17	-0.45
CYTH4	-0.765
	0.91
	-0.11
CLCF1	1.75
CSF2RA	-1.52
CTIF	-0.38
	-1.22
RILPL2	-0.56
	0.01
MAPK8IP1	-1.88
MAPK8IP3	0.435
	0.43
	0.08
	-2.18
	0.405
	0.5
	-0.335
AK3	-1.245
AK2	0.03
AK7	-1.53
OXSM	-0.53
INSM1	1.405
BRDT	-1.57
KCTD10	-0.295
	-0.66
LZTS2	0.72
LZTS3	-0.17
CRYZL1	0.94
VAT1	0.81
C3orf38	1.73
	-0.4
TSC22D1	-1.8
EPHA5	1.44
TSC22D3	-2.21
TSC22D2	2.34
TSC22D4	0.01
	-0.49
	-0.815
BSN	2.015
DND1	1.02
MZF1	1.59
ITGB1	-0.97
DENND1C	-0.5
DENND1B	-0.38
DENND1A	0.46
BSG	-1.095
	1.69
TACC2	-0.105
HIRIP3	0.63
RPS13	0.12
RPS12	1.65
RPS11	0.48
RPS10	-0.31
RPS17	1.285
RPS16	-0.82
RPS15	0.02
RPS14	0.58
RPS19	-0.945
RPS18	-0.285
RCL1	3.01
CERCAM	1.19
	-0.475
	-0.69
GLS	1.37
	-1.11
	-1.18
	0.5
	-0.17
FRYL	-0.485
CRLF2	-1.055
CRLF3	-0.69
	0.445
CRLF1	0.255
MPP2	0.87
MPP1	-0.865
	1.32
MPP7	0.34
MPP6	-1.53
MPP5	-0.31
MPP4	0.54
	2.72
	-1.54
ZXDB	0.02
ZXDC	0.05
NHS	-0.405
	0.115
PIK3R1	0.115
DCTPP1	-0.02
IL13RA1	1.41
	0.67
TUFT1	0.76
	1.185
	-1.85
DGCR8	-0.19
	-1.28
	-0.84
LRPAP1	1.905
OTOA	-1.39
MPV17	0.63
CIT	0.315
SCAPER	2.52
OTOF	-0.085
	-1.52
	0.715
	0.345
TEP1	-1.71
	0.45
C16orf72	-0.24
LRFN3	-0.29
MARCO	-0.675
CC2D2A	0.265
	0.1
	-2.39
	-2.38
	2.3
	1.275
	0.65
EMG1	-0.91
DKC1	0.99
OR52H1	-1.735
FBXL8	1.1
ABTB2	0.79
TM2D3	0.78
DCAF15	0.175
	0.77
NR4A2	-0.355
NR4A3	0.66
FBXL3	-0.36
FBXL2	-0.5
FBXL5	-0.6
FBXL4	2.05
FBXL6	-0.32
ERF	-0.285
ERG	0.91
IDNK	1.02
ERH	1.32
	0.755
INPP5A	2.07
INPP5B	0.485
LBR	-0.675
INPP5D	-0.83
INPP5E	0.255
INPP5F	-0.245
RAN	-0.545
INPP5J	-0.36
INPP5K	2.47
	-0.53
	-0.235
CYP20A1	0.11
	-1.39
	-1.39
LBH	-1.62
	1.12
MARC1	-0.86
RAX	1.05
	-2.32
LTBR	0.11
MUT	0.7
TBL1X	0.02
ANO1	-1.22
	-0.04
TRAT1	-0.415
	-0.685
	-0.27
	-1.095
PLEKHA4	0.82
PLEKHA5	1.035
	-0.13
PLEKHA7	0.85
PLEKHA1	0.34
PLEKHA2	-0.64
PLEKHA3	-0.38
RHEB	-1.31
OSBP	-0.005
	-1.715
AP2S1	-0.745
	-0.12
HIC1	0.345
HIC2	-0.4
	-0.04
AP1G1	0.605
SNRNP48	-0.485
	1.225
IRS1	0.83
IRS2	-0.53
	-0.63
	0.51
USP6NL	0.58
SYN2	0.125
BRAT1	-0.21
SYN1	2.665
PLA2G15	-4.545
PLA2G16	0.185
ABCA13	0.575
	-1.31
	0.08
SDHAF1	0.35
	1.195
	-0.4
CLIC4	0.955
C1orf198	0.6
HEXIM1	-0.39
	0.515
HEXIM2	0.74
	0.94
ENPP1	-0.93
HNRNPLL	-0.32
TRAF5	-0.65
SAMD9L	1.555
SYNM	0.12
	-0.42
ATP2A3	-1.225
PHF21A	1.26
SYNC	0.215
DCLK3	1.46
DCLK2	-0.02
GPR88	-0.38
	1.14
	2.07
	-0.53
	0.145
GPR83	-0.66
RGP1	-1.045
MYOF	-1.345
	-0.44
PKM	-0.335
HECTD2	1.58
HECTD3	-0.6
TRPS1	-1.22
	-1.22
	1.19
	-0.875
	-1.02
	-2.38
	-1.28
SHROOM1	0.94
	-0.345
GFRA2	-3.31
DPYSL2	-1.54
	-1.44
KRTAP27-1	1.06
	0.1
	-1.22
	0.645
IARS	0.73
	-0.76
	0.285
	1.62
	0.09
MAD2L1	1.06
	0.64
ARL6IP6	0.35
CD200	0.49
ARL6IP5	-0.705
ZSCAN29	1.82
SERTAD1	1.67
SERTAD2	0.485
SERTAD3	-2.63
	1.72
MAD1L1	0.315
	0.12
PINK1	-0.215
	-1.02
PIK3R4	-0.235
PIK3R2	-0.78
CHRNA2	0.61
ZFP91	0.96
	0.75
	-0.37
APLP2	-1.54
	-1.03
MATN3	0.975
MATN2	-0.42
GNPNAT1	0.82
MATN4	-0.25
FCHSD1	1.37
	-1.62
BTBD11	2.075
	2.335
RAB6A	-0.14
ZSCAN21	-0.21
	-0.4
SHQ1	-0.875
	-0.315
	-0.03
NME1-NME2	-0.215
	-2.02
ALDH3B1	-1.4
	-1.12
	-0.805
	0.295
ARHGAP17	0.08
ARHGAP15	0.335
	0.91
	0.94
ARHGAP10	0.485
	0.76
	0.655
	-0.625
	-0.38
	-0.625
DDX3Y	0.245
SIK3	0.58
SIK2	0.44
	0.06
	0.48
ADAM10	-1.475
ADAM11	0.53
LDHA	0.29
ADAM15	1.13
	0.305
	0.42
ADAM19	-0.45
	0.03
	-2.45
CATSPERB	-1.86
MTHFD1L	-0.17
	-0.145
	-2.08
EXOC3L4	-1.86
EXOC3L2	0.465
HEBP1	-1.21
ZFC3H1	0.105
	-2.28
	-0.93
DDX39A	0.025
	-1.11
VRK1	-0.545
CCDC94	-0.86
AFF4	-0.11
AFF3	-0.33
DDX31	-1.57
AFF1	-0.225
PNPLA2	-1.52
	1.32
PNPLA7	-0.785
PNPLA6	1.015
	0.095
GPR162	-0.38
	0.16
	1.375
ST3GAL1	-0.9
NBEAL1	-0.015
	-0.84
SLC39A13	-0.56
SLC39A10	0.38
SLC39A11	-0.51
DZIP3	0.645
SLC39A14	0.26
DZIP1	-0.695
MMS19	-1.135
NSUN3	1.95
	0.12
NSUN5	1.83
NSUN4	-1.5
NSUN6	0.83
	-1.54
NFASC	-0.86
	-0.74
	-0.185
	0.395
NYAP1	-0.52
SUOX	0.715
PAN3	-0.18
PAN2	0.3
LARP1	-0.155
HOXD9	-1.14
EFCAB14	-0.63
PTGER4	1.415
	-0.6
EEF1A2	-1.245
TLN2	0.065
	0.795
PTGER2	-0.64
TLN1	-0.79
TRIM59	0.54
C6orf118	-0.3
	-0.37
	-0.03
MYBL2	0.94
	0.37
MANEAL	1.17
PANK2	-1.645
	1.55
TTC21B	-0.795
RBM39	-0.975
	-2.2
	0.09
	0.91
MBNL1	-0.25
MBNL2	0.425
MBNL3	1.16
	0.51
GNL3	-1.01
	-1.54
FBXW10	0.13
FBXW11	0.19
SMARCB1	-0.185
CASZ1	-0.015
GLIS2	1.57
GLIS3	-0.4
PRR3	-1.495
TMEM39B	1.75
PCP2	-2.645
	0.16
TMEM39A	-3.13
	-0.525
PROKR2	-1.39
MOV10L1	1.51
	0.06
TMCO1	2.58
	-1.19
	1.8
FNIP1	1.12
FNIP2	0.27
	1.63
PSPH	2.26
ZFYVE16	-0.615
	0.13
MMADHC	-0.04
	-0.53
	0.44
	-0.4
AGK	0.44
CFLAR	1.945
GBP6	1.72
	0.91
SREBF2	-0.675
MUM1	0.6
	-2.53
	-0.795
BUB1B	0.37
	-2.58
CDT1	2.06
CNKSR3	-0.065
CNKSR2	0.4
SREBF1	-0.995
	-0.39
EXOG	0.93
EIF1B	0.84
	-1.22
EIF1AX	-1.18
	-0.755
PIGA	1.76
PIGB	-2.79
	1.6
	0.16
NOM1	-0.3
	-0.185
ELMSAN1	-0.175
C4orf50	-0.3
	0.025
MEGF6	1.45
	-0.37
NECAB2	0.46
GORASP2	-1.385
GORASP1	-0.115
	0.84
EXO5	-2.66
MAP7D2	0.385
MAP7D1	-1.425
ITGB8	1.95
	0.125
OLIG1	1.38
BSDC1	-0.495
CCNG2	0.56
	0.14
	-1.09
	-1.11
ZCCHC7	-0.725
	-2.68
	-0.23
	0.13
	-1.19
RAB8A	-0.12
ZNF382	-0.66
RGS22	0.16
	2.42
	2.42
HSPA5	0.08
HSPA4	-1.07
RCAN1	0.5
RCAN3	-1.93
HSPA8	-1.085
VIL1	0.415
	0.85
	1.49
DNAJB13	-2.16
	-0.075
DNAJB11	-0.125
	0.2
	-0.49
FPR1	0.27
PARVB	0.225
PIGT	-0.605
FAM83A	0.5
TARS2	0.11
FAM83G	0.63
CTDSP1	0.38
CTDSP2	0.235
FAM83D	-1.86
	-1.39
EMD	0.73
	0.055
	-0.375
RAB2B	-2.67
	-1.19
	-0.26
	2.04
RSG1	0.47
PFKL	0.015
	0.02
MIA3	-0.99
MIA2	-0.39
FLT4	-1.28
	1.06
FLT3	-1.15
FLT1	-0.26
	1.855
KCNJ10	-0.18
	0.175
KCNJ16	-2.32
PNMA5	1.32
	2.01
GOPC	0.105
	-1.0
QSOX2	0.35
	-0.665
	0.76
	-0.41
ITGA2B	0.19
BTBD9	0.87
HTRA1	1.56
HTRA2	0.79
HTRA3	0.34
	1.12
TSNAX	-0.64
UBE2G2	2.37
	-0.07
	1.04
	-0.09
IL4	5.26
RPS19BP1	0.94
ARID4A	0.015
MCOLN1	0.51
	-1.22
ARID4B	0.265
	-1.18
	0.87
KLHL11	1.56
KLHL12	0.77
	-0.53
KLHL14	1.805
RNASEH2C	-0.565
KLHL17	-0.1
KLHL18	0.09
PCSK7	-1.38
	-0.25
	-0.8
SCAF4	0.23
DDX5	-0.215
DDX6	-1.325
	0.115
DDX1	0.165
	-1.94
	0.2
PRX	0.11
BTBD2	0.395
SCAF8	-0.6
	-1.93
NUTF2	0.04
	0.475
LRRFIP1	-0.645
	-2.19
	-0.24
FMN1	0.44
	-0.83
	-2.08
FMN2	-1.245
FBXO34	-0.62
SERPING1	0.14
CHTF8	-0.2
FBXO31	-0.65
FBXO32	-2.14
FBXO33	0.36
FAM136A	0.64
	-0.91
DNHD1	-0.54
	-1.14
SEMA5B	1.41
SEMA5A	1.22
MTF1	0.45
FAM214A	1.54
FAM214B	0.27
CCDC57	1.16
VKORC1	0.24
	0.755
PPL	-1.02
	-1.22
	-0.91
COL9A2	-2.87
SH2D3C	-0.76
SCRIB	-0.27
RNF207	-1.62
	0.715
	-1.22
FOXG1	1.79
	-2.08
	0.87
	1.46
	-0.75
	1.22
	-0.02
	0.96
NRIP1	-0.26
	-2.38
CXXC1	-1.105
PUS3	1.38
ADIPOR1	-1.405
	-0.43
CXXC5	1.97
CXXC4	-1.31
	0.46
KIAA0513	-1.63
	-1.53
EOMES	0.475
DIMT1	0.44
CYCS	0.275
CD151	0.795
VAV1	-0.205
ZBP1	2.02
VAV3	2.04
VAV2	-1.325
TARBP1	-0.89
LANCL3	1.02
LANCL1	0.29
CDIPT	-0.91
	0.36
	-0.66
	-0.6
GNS	-1.64
NR3C1	-0.955
CENPK	-1.22
CENPJ	1.15
CENPI	0.03
CENPH	1.88
RPH3AL	0.99
CENPF	0.72
CENPE	1.52
NOP2	0.095
AIP	-0.76
CENPA	-0.01
	0.0
GNE	0.93
CKAP2	-1.4
CENPV	0.54
	0.34
CENPT	-1.805
	-0.88
CKAP4	-0.09
CKAP5	-1.37
NHLRC3	-0.88
NUDT9	-0.84
	1.025
	-0.06
ZNF226	0.85
NUDT2	1.54
NUDT3	2.04
NUDT4	1.3
NUDT5	0.335
NUDT6	1.25
NUDT7	-0.18
SMPD4	0.285
AGPAT1	0.63
SMPD1	-0.35
	0.33
HAND2	0.76
	-0.8
	-0.115
MLXIPL	-0.11
SDK1	-0.06
SDK2	0.9
	0.77
	-0.51
IDH2	0.395
IDH1	-1.775
EVX1	0.9
	1.3
EVX2	-1.375
CCDC28B	-0.14
	-0.43
YTHDF1	-1.96
CCDC28A	1.16
SNRPB	-0.335
	2.32
	3.26
SNRPF	1.02
	2.55
	2.85
	-0.465
	-0.44
	0.135
	-1.515
	1.72
	1.75
FAM198A	0.03
EME1	0.285
ERC2	-1.365
EME2	-0.975
	-0.345
POC1A	-1.19
POC1B	-0.675
	1.44
NAGA	1.46
ASNS	-0.415
TPGS1	0.36
	3.065
	-2.7
	0.275
ECSIT	-1.23
	-1.28
	1.88
	-0.225
	0.875
	-0.67
SUB1	0.66
	0.955
	-0.115
RCSD1	0.1
MYSM1	0.425
	-0.01
	-0.74
	0.0
	1.43
ZNF800	-0.64
DHX15	-0.115
	-2.23
MSN	-0.16
MAU2	-0.24
	1.27
ETNK1	0.97
	0.05
TTC39C	0.63
TTC39B	-0.06
MSC	-1.44
	-1.51
	1.02
	1.51
	0.85
	1.81
PTOV1	0.4
	0.63
	-1.11
	-2.4
	0.35
LEO1	0.595
	2.3
	-0.935
	0.64
	0.975
DNMBP	-1.155
PLEK2	1.51
NECAB1	-1.31
EIF4H	-0.325
SLC9A4	1.345
SLC9A5	-0.515
PHTF1	2.68
	-2.005
	-0.165
SLC9A1	0.39
GLRA3	0.13
NOC3L	-0.515
SLC9A8	0.305
SLC9A9	-2.17
AP3S2	1.73
TNS3	-0.42
IFNGR1	-0.805
IFNGR2	-1.015
PRRC2B	-0.105
	1.25
MS4A7	0.99
MS4A1	0.415
	0.32
	0.395
PANK3	0.85
AKNA	-0.505
	-1.07
	0.15
	-0.44
C16orf87	1.09
	-0.555
C9orf91	0.04
SYPL1	-0.44
DLX2	1.43
TNS4	1.19
NAB1	-1.575
	-0.07
NAB2	-1.395
	0.65
CYP4F22	0.415
	0.825
	1.07
DNTTIP2	-0.475
UBTF	-0.975
	0.575
FXR1	-0.77
FXR2	-0.435
CYP11A1	1.84
AKT1	-2.33
PHF20L1	0.49
	0.61
	1.07
HOOK2	-1.285
HOOK3	0.045
HOOK1	0.965
	1.32
OSTF1	-0.765
	-1.29
RBM4B	0.205
PHOSPHO1	-2.17
	0.44
	-0.14
	1.51
SRCAP	-0.1
	-0.38
METRN	-0.01
SLC28A2	-0.735
	0.13
SLC28A1	-2.79
GLUD1	-1.13
	-0.685
SSU72	-0.505
	3.325
UBAP1	0.33
TPSB2	1.43
MYNN	-0.56
CRADD	1.84
PODNL1	0.02
	1.83
	-2.96
RBM42	-0.505
RBM43	0.055
LARP4	0.03
RBM45	1.52
ESPN	-1.62
RBM47	1.54
RBM48	1.19
SNAPC2	0.575
RPS27A	-1.075
DPP8	0.47
DPP9	-1.345
	-2.02
	-0.61
DPP3	-0.885
DPP4	0.995
DPP6	-1.1
DPP7	-0.75
	-1.65
SH2D5	-0.37
SH2D6	0.56
NUB1	0.655
CEP57	0.68
PTPMT1	0.895
	-0.51
LRRC41	0.16
TMCC1	0.13
TMCC2	-3.64
FAM155A	0.13
	0.0
	0.4
	1.37
	-2.02
CDC40	-0.48
	-0.03
	1.12
	0.12
ABCF2	0.04
SIM2	-0.575
COL4A3BP	1.24
FLVCR1	0.91
MFSD7	-0.8
	0.03
	-0.5
	0.02
	-0.095
HBP1	-0.2
SLC39A9	1.81
	0.5
MACROD1	0.125
SLC39A1	0.64
	1.07
SLC39A3	-1.87
SLC39A4	1.72
	1.265
SLC39A6	1.59
SLC39A7	-0.925
	1.01
	0.54
	-0.83
GLIPR2	1.96
PTDSS2	-0.24
	-1.075
NDUFS2	-0.855
GYS1	0.825
	-0.44
UTP6	1.12
SURF1	0.35
SURF2	0.85
SURF4	0.775
SURF6	-0.88
	-1.11
	0.815
GPR146	-0.17
KDELR1	-0.87
	1.37
BPGM	-1.4
GPR143	-1.18
DDX52	-0.19
	-2.32
DDX51	-0.845
DDX56	-1.5
CXorf38	-0.8
DDX54	0.2
	-0.765
WHSC1L1	0.555
HNRNPA2B1	-0.065
	-0.55
SIPA1L1	-0.16
PSTPIP2	-0.795
SIPA1L3	0.065
SIPA1L2	-1.245
HEATR5B	-0.005
	0.08
BCAN	1.22
	-0.27
ANLN	0.245
	0.205
	-0.735
HEXA	-2.765
SRC	-0.33
HEXB	-1.355
PRPH	-1.31
C5AR2	1.06
	-0.38
	0.21
DCAF7	-1.02
FLOT1	0.525
FLOT2	0.74
	0.32
IQSEC1	0.145
LRIG3	1.905
IQSEC3	2.11
IQSEC2	-0.1
C1orf226	-2.64
ARHGAP40	-1.205
PDCD2L	1.24
TRAFD1	-0.38
	-0.03
	0.09
	1.39
RAB11FIP4	-0.98
HOXB6	-1.31
HOXB4	0.645
	-0.35
CTR9	0.07
PCDHGC3	-0.14
PCDHGC4	-1.31
CPED1	-0.53
	0.865
	-1.28
THADA	-1.14
TOB1	-0.715
STAT6	-1.15
STAT4	0.23
STAT3	-0.805
STAT2	1.495
	-0.22
	-2.67
	0.23
CEP250	0.175
LRRC4C	1.32
CD84	-1.3
	0.135
	1.43
	1.215
BID	1.38
	-0.4
	-1.31
	-0.58
KIAA2013	-0.04
RPRD1A	1.36
SRF	0.97
LIN9	0.66
CTRL	-0.795
	-1.07
KIF26A	-0.8
KIF26B	4.51
	0.91
CNGA2	1.38
PALM	-0.38
	-1.24
	2.07
ZFR	0.64
	0.05
HMX3	-0.375
KRT36	1.32
	-0.04
	3.71
PEX19	0.545
TEX261	0.84
	-1.05
TEX264	-0.12
	3.22
PEX10	-2.24
PEX13	0.75
PEX14	-0.935
TUFM	-1.305
	1.47
	-1.175
MORC3	0.475
	-2.105
	-1.52
BLOC1S3	1.94
BLOC1S2	0.11
MORC4	1.825
SBDS	-0.31
CDR2	-1.54
PAPPA2	0.74
TRAP1	0.44
	0.685
	-1.29
TMEM150A	-1.14
RPH3A	-1.53
PAGR1	-1.23
CCNT1	-0.595
CCNT2	-1.24
BPTF	0.34
	0.03
EIF3H	-0.245
EIF3I	-0.475
AARS	0.105
EIF3L	-0.785
EIF3M	-1.605
KIAA1549	0.345
TUSC2	1.14
	1.44
	0.78
EIF3B	-0.775
EIF3C	-0.8
EIF3D	-0.915
	-1.25
	0.255
EIF3G	-0.815
SLC30A5	0.665
C18orf8	0.165
ADNP2	-0.595
ICOS	0.885
CFL1	-1.63
ATP8B4	0.725
	-1.75
	-1.55
LRRC16B	0.83
WBSCR16	-0.8
	-1.55
MYOM2	-1.25
MYOM1	0.705
ERLIN1	0.02
ERLIN2	0.295
NOL11	0.445
	0.77
	1.215
YEATS2	-0.27
JPH1	-1.94
CYP2W1	-1.24
YEATS4	1.36
PITRM1	0.82
TCF25	-0.295
VWF	-0.1
TCF20	0.76
AKR7A2	1.055
	0.93
DNAJC18	1.715
	0.77
ICAM1	-1.195
FAM50A	-0.605
KLK13	0.06
BMP2K	-0.175
KLK14	-1.89
	0.675
HINT3	1.78
	2.86
	0.35
	-0.36
SLC9A7	0.2
LPGAT1	-0.355
ASS1	-0.41
TNNI3K	-2.02
PHACTR4	1.255
	2.115
	-0.6
PI4KB	-1.605
PI4KA	-0.885
TUSC3	0.32
	-0.8
	-0.3
HSPG2	-1.1
EMID1	-0.385
HSF1	-1.69
GRIPAP1	-0.595
	-0.4
PACRGL	0.95
ALDH18A1	-0.61
	0.99
NUGGC	-0.675
GRIP2	0.55
	-1.06
LGALS3BP	0.75
ELMOD3	-0.11
ELMOD2	0.35
SOBP	0.575
	-0.03
	-1.6
KCNB2	-0.5
	-1.18
	-1.26
KCNB1	-0.38
CREBBP	0.355
AMZ1	-0.56
	-2.17
	-1.31
TMA16	1.42
	-0.57
	0.13
VPS13C	-0.41
PRUNE2	0.11
	1.235
	-0.25
	-3.2
	-0.33
	-1.14
TRIM25	-0.06
NGLY1	-0.83
	-0.52
	-1.96
	-1.02
	0.59
SZT2	-0.415
SMN1	0.12
	2.65
	0.21
HSF2	1.31
	0.15
	1.075
CUL1	-0.015
	1.48
	0.38
RFXAP	-0.93
SNAPIN	0.68
	-0.43
LPIN2	-0.165
PMPCB	1.15
TMOD3	0.165
SPIC	-3.71
	-1.96
DHCR7	2.01
	0.4
	0.13
	0.425
	-1.155
LAMB1	1.91
LAMB3	-1.85
	0.53
	-0.185
	0.455
PPP1R12A	-0.71
	-0.25
INTS12	-0.3
	-1.52
INTS10	1.16
ELK4	-0.225
TAF6L	-0.195
	-1.07
CRELD2	1.37
EPN1	-1.36
HLCS	-0.68
CCDC155	0.23
CAT	0.265
	2.39
LY75	0.345
EXOSC8	-0.05
	0.665
	0.5
SERAC1	0.83
EXOSC2	0.135
EXOSC3	0.655
	-1.4
EXOSC1	1.58
EXOSC6	1.015
SIGMAR1	1.56
	0.965
CAD	-0.07
	0.85
	2.48
	-0.835
FAM71E1	0.51
FAM71E2	1.2
	0.57
	1.14
COL25A1	0.91
	0.46
	0.91
RNF220	0.005
	-0.4
	1.51
RALBP1	-0.215
	0.61
	-0.4
	0.645
SYAP1	0.89
PIAS2	-0.29
PIAS3	0.56
TSGA10	0.77
PIAS1	-0.255
PIAS4	-1.07
PTBP2	0.36
GJA10	-1.14
	-0.44
HIPK3	0.82
MREG	-0.38
ZNF664	0.16
PCDH19	0.05
HIPK2	0.915
	-0.86
	0.24
GRINA	-0.85
HIPK1	-0.52
DCAF12	0.1
	-2.58
TK2	-0.13
	1.15
TK1	1.66
MEX3D	1.06
MEX3B	0.16
MEX3C	0.05
CDKAL1	-0.445
MEX3A	0.075
ITPK1	-0.515
ART3	-1.53
LRRC47	-0.025
	-0.71
PPP4C	-0.2
DCAF11	0.84
	-1.215
	-1.92
RNF113A	-0.295
	-0.355
A2M	0.4
	-1.18
	1.94
	-1.93
	0.2
	0.05
	1.3
	1.12
	1.115
COMMD9	-0.42
CD40LG	-0.9
	-1.035
PPP1CA	-1.09
COMMD2	-0.195
	1.12
	0.54
	-1.34
COMMD7	0.005
COMMD4	1.46
COMMD5	1.085
CNBP	-0.33
TKT	-0.48
	1.06
	0.78
	-1.4
NLK	-0.78
	-0.43
LMO2	-1.755
NLN	-0.525
ELAC1	-2.19
ELAC2	0.65
	0.72
HAUS7	-0.26
HAUS4	-1.49
HAUS5	-1.19
	0.35
HAUS1	0.44
	0.36
	0.63
	-1.24
	1.03
	-1.94
DCHS1	-0.775
	-1.53
SPON1	1.535
ZBTB8OS	1.25
	-0.13
	0.395
TRIM27	1.59
CYP4V2	-0.88
NHSL1	0.61
NHSL2	0.06
RPP25L	3.45
	0.225
	-0.135
DDAH2	1.54
NDEL1	0.49
EMC3	1.03
EMC2	-0.86
EMC1	-1.18
	-1.87
EMC7	1.89
EEF1D	-2.34
FSCN1	1.0
EMC4	-1.28
	-1.54
	1.94
TYRP1	-2.01
	0.01
	-0.585
	1.185
SCRN2	-0.32
SPI1	1.68
MXD3	2.04
LSM3	0.85
DEDD2	-2.13
COL12A1	-1.87
PGC	0.67
	-1.19
	-0.5
	2.3
INPPL1	-0.37
	-0.77
	1.37
TBC1D10C	0.845
	0.885
CYHR1	-0.795
	0.775
TBC1D10B	0.455
APBB1	1.36
MAGT1	0.14
TIE1	-0.49
LRP3	0.945
SNRPD1	-0.42
SESTD1	0.33
	1.37
ZNF827	0.02
	0.14
CYP27A1	1.37
ATG12	-0.33
ATG13	1.91
ATG14	0.735
CSE1L	1.16
DAPK3	-0.325
DAPK2	-0.88
CRK	0.055
NADK	-0.24
DOK2	0.15
PKLR	-0.675
	-1.18
	1.99
	-2.97
	-0.26
NKRF	0.76
	-0.22
RABGGTA	-0.06
	-0.255
	-3.13
LRP1	-3.255
	-0.43
MTAP	0.34
	0.055
MYCL	0.55
	1.12
YDJC	-0.11
	0.13
	-0.14
EIF4A1	-0.865
EIF4A3	0.005
REPIN1	1.135
	0.265
PHYKPL	-1.16
B2M	-1.14
	-1.19
POR	-2.535
	-1.22
	-2.19
CASC3	1.055
PPOX	-0.47
CASC1	1.445
HNRNPH1	0.415
TTC22	-1.39
HNRNPH3	1.5
HNRNPH2	-1.225
LASP1	-1.09
NHP2	0.74
PAWR	0.34
TAOK1	0.43
TAOK2	-0.725
TAOK3	-0.14
	0.84
CYP4F2	2.35
	0.45
	-0.51
AXIN2	0.085
	0.44
CYP4F3	1.65
IKBKE	0.025
	0.65
WBP11	0.195
LRP4	-1.625
TNFRSF8	0.0
TNFRSF9	-0.175
	0.415
TNFRSF4	4.55
ZNF771	0.45
	2.36
CRB2	2.28
ZNF777	-0.84
RAB20	-1.755
RAB21	1.59
	-0.325
	0.675
RAB24	-0.73
MTMR12	0.13
MTMR11	-1.31
MTMR10	1.65
	0.1
	0.84
	1.33
GGCT	-2.32
CNTNAP1	-2.79
MFN2	0.14
MFN1	1.185
	-0.585
C1orf87	-1.19
F13A1	1.14
STEAP3	-1.18
BZW1	0.035
STEAP4	-0.285
	1.445
BZW2	-1.82
CSF2RB	0.76
	1.38
	-0.43
SEC23A	2.29
SEC23B	0.525
	-1.28
	-1.99
CROCC	0.01
	-0.86
	-0.845
WBP1L	-1.8
LLPH	1.01
SDCBP	-1.01
	0.785
MFNG	0.02
DUOX1	-0.255
	2.05
	1.4
	-0.56
	-0.405
PELP1	0.21
	2.49
NPC2	-0.675
NPC1	-0.19
	-0.98
	-0.44
SERPINE1	0.44
	-1.14
	0.93
MRPL50	-1.28
	1.37
JADE2	-1.38
JADE1	0.31
	2.08
TEC	-0.29
	1.185
	1.51
	0.195
	0.87
	-1.28
MFSD2A	1.32
SLC37A2	-0.35
	-0.37
	-0.4
MFSD2B	1.585
	0.31
	-1.11
	-0.47
TANC2	-3.83
	0.13
	2.315
	0.005
	0.51
	-2.45
	0.58
H2AFY2	-0.6
ITPKC	-1.22
ZNF423	-0.38
	-0.42
FABP5	0.56
	-2.01
	-1.28
KCNA5	-2.01
KCNA2	-3.54
TMF1	0.565
	1.56
ENTHD2	-1.12
	1.58
	0.43
	-0.28
	-0.285
	-2.305
	0.19
	0.92
	1.51
	0.67
ZMIZ2	-0.8
ZMIZ1	0.08
	-0.44
PLD1	0.06
EPHB2	-0.5
API5	0.63
EPHB6	-1.17
PLD2	-1.21
	0.84
	0.85
	-3.41
PARS2	-1.01
	1.04
	2.42
MFSD11	-2.67
MFSD10	1.465
TP53INP1	2.08
	-0.01
	0.455
ACOT8	0.985
CEP78	-0.895
	0.225
PPCDC	-1.52
	0.26
ACADS	0.145
	-2.08
TNXB	1.5
DET1	0.02
	2.465
COL28A1	0.9
	-1.07
ACADL	0.435
TRAF3IP1	-0.165
TRIM11	0.455
	0.03
TRIM13	0.5
TRIM14	-0.865
TRIM17	0.255
SMAD4	-1.83
	-0.56
SMAD6	0.505
SGK1	-0.19
JUN	0.215
SMAD1	-0.83
SMAD2	-0.565
ATP6AP2	-0.04
TBC1D9B	0.97
JUP	-2.175
FOXM1	0.955
	0.37
PSMD14	-0.01
PCDHGA2	0.04
GDF11	2.085
GDF10	-0.6
ATP6V0B	2.04
ATP6V0C	-0.07
ZNF428	0.61
ARVCF	1.825
ACAD8	0.51
ACAD9	0.8
	0.5
SLC48A1	-0.4
	0.1
	-1.54
KIRREL2	1.03
FRMPD1	1.09
FBRSL1	-1.36
COX8A	3.39
	0.57
	1.48
	0.845
ARNTL	-0.735
SYTL4	-1.18
CTPS1	0.34
	1.59
	0.4
RNPS1	-0.69
SYTL2	-0.74
CALCRL	1.56
	1.04
ELOVL5	-0.645
ELOVL1	1.17
	0.16
UBE2I	-0.24
UBE2H	-1.99
HOPX	0.185
UBE2M	0.54
UBE2O	0.87
UBE2N	-0.465
UBE2A	2.31
PLAUR	-3.6
UBE2C	2.7
UBE2B	0.955
ZNF565	-2.1
UBE2F	-1.85
	-0.37
GATAD2B	-0.075
UBE2Z	-0.465
KBTBD11	-1.185
PSTK	-1.47
	1.4
UBE2S	-0.335
SCAMP3	-2.43
LIN7C	-0.4
ACADVL	-0.78
	4.53
TOPBP1	-0.2
TRAPPC6A	0.0
TUBA1C	-0.885
TUBA1B	-0.585
TUBA1A	-0.675
APOA4	-0.33
TREML2	-0.13
LRFN2	-1.18
LRFN1	-0.8
SRBD1	-0.59
DCAF17	0.815
	-2.02
LRFN4	-0.08
	1.315
FAM57A	-1.24
SCN11A	0.5
	0.08
IL9R	-0.495
EXOSC10	-1.155
	0.44
SBF1	0.025
FITM2	-3.09
SBF2	0.065
BRD8	-0.49
BRD9	-0.925
C19orf67	1.275
	0.48
BRD7	0.46
KNDC1	-0.72
BRD1	0.075
BRD2	0.03
BRD3	1.335
MANSC4	-0.31
ELOF1	1.915
	0.69
PPRC1	-0.585
C9orf142	-2.64
CALML3	-0.39
MCMBP	-0.665
	0.05
KIF20A	1.615
	0.85
PLEKHN1	1.9
SMDT1	0.44
TM6SF1	0.84
TBPL1	0.57
HIST1H4I	0.565
H3F3A	0.275
	1.12
	1.46
C6orf136	1.16
	0.995
GAB2	0.48
GAB3	-1.79
RSBN1	0.77
NCL	1.555
	0.02
HSPE1	-0.23
JUNB	-1.02
	1.13
PHF20	-1.205
PHF23	-0.955
CPM	-1.93
	1.17
	1.525
	-0.25
	1.23
	-0.255
	-0.07
	2.03
POLR2H	0.3
DYRK3	1.32
SIGLEC15	0.5
DIABLO	0.57
COL3A1	0.165
	1.0
CCR10	-1.31
ULK2	-1.32
ULK3	1.05
OGDH	-0.785
ULK1	-0.055
	-0.45
ULK4	-0.57
MPZL1	-2.8
	1.93
VEZF1	1.275
AARS2	-3.64
SLC26A11	-0.165
	-0.33
	0.1
	0.765
MAGED1	-0.71
MAGED2	2.22
APOBEC1	0.75
	-0.34
VILL	0.155
	0.91
SHOX2	-0.45
GPM6B	-1.38
JSRP1	0.14
EFCAB6	-0.625
EFCAB3	-1.94
	-0.5
	-1.93
	1.56
	0.245
S100A13	0.35
MROH2B	-0.88
	1.11
	0.59
	-1.07
	-0.92
CD8A	-2.37
	-2.45
	-0.065
FOXP3	-0.69
	1.74
	-0.705
LRP8	0.87
FOXP4	-0.06
STAT5B	-0.725
HIP1	-0.31
	-1.305
STAT5A	-0.76
STRADA	1.8
ROR1	-1.14
POLR2E	0.625
	-0.45
	2.48
ATP11B	-0.67
TEKT2	-0.43
PAPLN	0.74
RAB7A	1.13
CD81	-1.5
	-0.015
CD83	-0.345
CD82	-0.49
	-1.22
CCS	-0.245
CD86	-0.665
	-1.19
EGFL6	-0.8
RPRD1B	2.32
WDR53	-0.85
	-1.96
PFDN1	-0.69
SSSCA1	0.515
PFDN2	-2.26
PFDN5	0.545
PFDN4	0.67
PITHD1	1.125
	-1.415
ZC3H3	2.625
ZC3H4	0.215
ZNF541	0.705
ZC3H6	0.115
C19orf53	-0.225
PIH1D1	1.07
GBAS	-0.49
EPS15L1	-2.52
	0.245
	-1.85
GABPB2	-0.775
KDSR	0.99
RWDD1	1.585
NEK7	0.06
PIK3CD	-0.915
GLYCTK	0.855
EPN3	0.41
EPN2	0.2
ECHS1	-0.565
	-0.42
	-0.44
PIK3CG	0.05
	-0.03
	-0.32
	-0.5
	1.66
C10orf71	0.585
	1.94
ZBED3	1.19
NKPD1	-1.07
CD300LF	0.795
LATS1	1.27
ABCB10	1.445
RANBP9	0.655
CD300LB	0.715
	-1.53
	-2.44
TAGLN2	-0.26
RANBP6	0.48
RANBP1	1.59
CLEC16A	0.295
RANBP3	0.63
	0.48
	0.125
PHAX	-0.845
	2.0
	0.405
	1.57
ABRACL	4.43
	-3.01
EYA2	0.77
IKBKB	-0.325
	0.91
	0.35
	-2.01
IKBKG	-0.73
	0.115
	0.87
	-0.4
IRGM	0.905
ALDH1A1	-0.38
ALDH1A2	0.4
	0.725
TEK	-0.525
SAMHD1	-0.03
TXNDC15	0.125
TXNDC17	3.21
TXNDC16	-1.8
TXNDC11	-0.93
	-0.175
TXNDC12	0.93
FHL3	-1.07
	0.43
NBN	2.34
	-0.005
RPL24	0.1
	-0.56
TES	0.34
	0.34
ITIH4	0.595
DUS2	-1.59
SH2B3	-1.185
	3.37
RPL21	-0.165
SHANK1	0.16
UAP1	1.36
PSMD11	-0.73
PSMD10	0.04
PSMD13	-1.975
PSMD12	-0.315
FAM63B	-1.1
	0.955
HIST1H4F	2.245
SCARA3	-0.01
HIST2H4B	1.345
TMEM14C	2.26
APBA3	-0.735
HIST1H4A	0.265
HIST1H4H	-1.13
HIST1H4K	-1.33
HIST4H4	1.355
	0.62
	2.0
	0.36
HIST1H4D	1.655
RND2	-0.01
RSL1D1	1.335
NOC2L	-0.845
SIT1	-1.395
JOSD2	0.64
	-0.91
MAPKBP1	-0.355
VPS9D1	0.25
	0.9
	0.61
CSPP1	0.61
	-0.38
CSGALNACT1	-2.45
	1.46
CNTROB	-0.205
CHST1	-0.38
RFX7	0.285
SLC8A1	-2.025
FBXO41	-0.175
DECR1	-1.52
	1.41
CEP350	0.355
BMP7	0.105
BMP6	-0.48
	-0.715
	0.575
BMP1	-1.79
	-3.07
SPERT	-0.33
STMN2	2.01
RXRA	-1.01
RXRB	0.12
FBXO48	-2.45
TMEM145	0.46
IKBKAP	-0.84
TDGF1	-0.585
TMEM140	0.43
ERMAP	1.36
RFT1	1.225
CHST3	-0.46
CHST2	0.68
	1.04
CHST7	-1.18
